171468,454
171478,278
171487,300
171497,345
171507,642
171516,563
171527,653
171537,458
171546,295
171556,316
171566,410
171575,518
171584,666
171594,447
171604,285
171614,305
171624,190
171633,476
171642,278
171654,595
171663,306
171672,291
171681,352
171692,174
171701,262
171710,463
171720,595
171729,499
171739,652
171751,500
171761,312
171770,596
171781,578
171790,632
171800,419
171811,21
171822,564
171832,646
171842,526
171852,128
171863,287
171873,445
171884,592
171893,614
171904,441
171914,272
171923,346
171932,632
171943,655
171953,616
171963,393
171972,607
171982,404
171992,486
172001,614
172012,615
172021,583
172030,543
172042,372
172052,668
172063,654
172072,498
172086,381
172096,658
172105,667
172118,361
172130,635
172139,667
172149,528
172162,341
172171,371
172181,668
172192,496
172204,518
172213,292
172222,624
172234,428
172244,610
172256,328
172266,668
172275,667
172286,518
172296,577
172305,376
172315,307
172325,668
172335,622
172346,564
172355,460
172364,315
172376,496
172386,552
172395,555
172405,506
172414,424
172425,392
172436,494
172446,572
172457,509
172467,609
172479,599
172490,364
172502,272
172511,305
172523,668
172533,534
172542,448
172554,344
172564,400
172576,568
172587,438
172599,576
172608,510
172618,528
172630,426
172639,560
172649,537
172658,478
172667,635
172677,665
172688,603
172700,666
172709,348
172719,370
172730,602
172739,658
172749,488
172760,476
172771,398
172780,554
172790,667
172801,562
172810,592
172821,494
172830,666
172841,667
172853,652
172862,642
172873,415
172883,507
172895,508
172905,535
172915,636
172928,667
172939,660
172948,668
172957,533
172968,418
172978,334
172987,508
172997,514
173007,450
173020,591
173030,637
173040,432
173052,485
173064,564
173073,410
173082,484
173091,319
173103,631
173112,566
173121,576
173132,527
173143,512
173153,455
173163,493
173172,547
173181,510
173192,613
173201,280
173211,494
173221,666
173231,450
173240,511
173250,376
173259,450
173270,390
173279,444
173291,667
173300,579
173310,594
173320,448
173329,416
173338,480
173349,669
173359,665
173368,643
173380,249
173389,402
173401,633
173411,504
173420,458
173430,245
173441,342
173450,646
173460,617
173469,668
173481,444
173491,362
173500,98
173509,470
173519,651
173529,669
173538,476
173547,463
173558,195
173569,472
173581,500
173590,488
173600,274
173612,434
173621,667
173631,668
173642,575
173654,152
173663,410
173672,624
173683,510
173692,480
173702,587
173712,385
173722,235
173732,668
173745,352
173755,424
173765,382
173774,638
173785,607
173796,542
173806,240
173816,345
173826,582
173836,491
173847,413
173856,393
173867,302
173878,420
173887,647
173896,532
173906,638
173917,536
173926,360
173937,669
173946,642
173956,547
173968,551
173977,574
173987,465
173997,642
174006,668
174015,292
174025,584
174034,506
174045,607
174055,384
174064,662
174073,608
174083,666
174094,518
174104,668
174115,638
174125,670
174135,580
174145,670
174154,646
174163,662
174174,528
174183,507
174192,666
174201,666
174212,652
174221,558
174231,638
174241,474
174253,668
174262,628
174272,645
174282,669
174291,662
174302,430
174313,646
174323,436
174333,495
174343,288
174353,362
174362,447
174371,429
174383,524
174392,368
174401,528
174410,414
174422,411
174431,483
174440,301
174450,369
174460,447
174470,529
174479,298
174490,476
174500,457
174511,585
174520,614
