67169,160
67179,76
67188,33
67197,48
67209,122
67218,35
67227,180
67236,193
67247,125
67256,3
67265,105
67274,145
67283,134
67294,0
67303,46
67312,81
67321,226
67332,104
67341,68
67350,57
67359,88
67369,166
67379,10
67388,25
67397,135
67407,144
67417,153
67426,85
67435,96
67445,154
67454,136
67464,97
67473,62
67482,62
67492,204
67502,97
67511,69
67520,104
67530,138
67539,151
67549,0
67558,0
67568,164
67577,90
67587,32
67596,42
67606,114
67615,0
67624,227
67634,142
67643,12
67653,63
67662,170
67672,82
67681,70
67691,34
67701,156
67710,0
67721,175
67730,182
67739,50
67749,130
67760,102
67769,175
67778,139
67787,82
67798,177
67807,87
67816,173
67825,89
67835,64
67845,0
67854,33
67863,0
67873,148
67883,69
67892,162
67901,180
67911,82
67920,102
67930,74
67939,160
67948,95
67958,6
67968,140
67977,9
67986,114
67996,101
68005,0
68015,112
68024,145
68034,108
68044,119
68054,131
68064,149
68073,32
68082,120
68091,155
68102,86
68111,142
68120,11
68129,149
68139,70
68149,120
68158,92
68167,8
68176,219
68187,175
68196,90
68205,127
68214,153
68225,239
68234,130
68243,9
68252,137
68262,142
68272,97
68281,100
68290,162
68300,175
68310,188
68319,96
68328,85
68337,119
68347,58
68357,156
68366,75
68375,225
68385,169
68395,74
68404,154
68413,69
68423,117
68432,225
68442,163
68451,74
68461,71
68470,24
68480,224
68489,193
68499,137
68508,56
68517,41
68527,210
68537,84
68546,0
68555,178
68564,137
68574,0
68584,132
68593,102
68602,52
68612,167
68622,32
68631,100
68640,60
68649,78
68660,74
68669,42
68678,156
68687,141
68698,161
68707,143
68716,108
68725,140
68736,168
68745,67
68754,120
68763,194
68773,155
68783,150
68792,167
68801,102
68811,88
68820,74
68830,77
68839,64
68848,157
68858,144
68870,105
68881,82
68890,0
68900,109
68911,189
68920,146
68929,95
68938,124
68948,60
68958,72
68967,139
68976,42
68987,98
68997,22
69006,137
69015,147
69025,87
69036,68
69045,147
69055,160
69064,101
69073,40
69083,58
69095,60
69104,128
69113,56
69124,92
69133,42
69142,104
69151,0
69161,202
69171,0
69180,66
69189,100
69199,32
69209,105
69218,6
69227,114
69237,89
69246,164
69256,35
69265,80
69274,160
69284,160
69294,108
69303,0
69312,108
69322,211
69331,119
69341,104
69350,133
69360,132
69369,238
69379,81
69388,198
69398,0
69407,28
69416,23
69426,111
69436,77
69445,25
69454,128
69464,102
69474,106
69483,104
69493,120
69502,72
69513,35
69522,32
69531,151
69540,0
69551,0
69560,4
69570,119
69579,29
69590,156
69599,195
69608,136
69617,0
69627,0
69637,36
69646,0
69655,95
69665,177
69675,39
69684,82
69693,140
69703,0
69712,0
69723,141
69732,84
69742,11
69752,168
69762,105
69772,0
69781,191
69790,147
69799,153
69810,24
69819,97
69828,134
69837,140
69847,68
69857,0
69867,146
69876,0
69886,0
69896,0
69905,53
69914,36
69923,130
69934,26
69943,0
69952,198
69961,110
69971,78
69981,66
69990,171
69999,64
70009,0
70019,0
70028,211
70037,98
70047,174
70056,114
70066,18
70075,34
70085,163
70094,59
70104,92
70113,125
70122,64
70132,0
70141,39
70151,88
70160,58
70170,158
70179,36
70189,47
70198,66
70208,22
70217,124
70226,36
