96547,230
96557,198
96566,226
96576,219
96585,228
96594,180
96604,189
96616,205
96625,202
96635,212
96645,241
96655,206
96664,240
96674,236
96685,196
96694,233
96707,226
96716,237
96729,229
96738,227
96749,210
96758,219
96768,240
96778,202
96787,213
96797,244
96806,203
96819,252
96829,219
96840,234
96850,196
96862,224
96871,189
96880,195
96890,228
96900,242
96909,208
96921,242
96930,198
96943,234
96952,187
96961,200
96971,238
96982,211
96992,248
97005,219
97014,238
97024,184
97035,264
97044,241
97053,209
97064,232
97074,225
97086,232
97095,242
97104,189
97114,190
97125,238
97136,242
97146,237
97156,184
97168,241
97177,208
97186,195
97197,231
97207,203
97218,226
97228,194
97238,222
97247,228
97256,247
97266,199
97275,190
97285,229
97294,230
97304,216
97313,223
97325,214
97335,182
97346,201
97355,207
97367,240
97376,213
97385,189
97395,206
97405,222
97415,198
97425,223
97436,182
97445,203
97457,230
97467,217
97478,212
97488,219
97498,227
97508,213
97518,220
97529,206
97539,172
97550,202
97560,212
97569,219
97580,214
97592,238
97601,206
97610,216
97620,234
97630,233
97640,188
97650,183
97660,211
97670,207
97681,224
97690,236
97699,197
97709,212
97719,214
97730,197
97740,262
97750,253
97759,206
97768,201
97778,223
97787,239
97797,209
97806,190
97817,255
97826,227
97836,184
97845,220
97855,209
97864,236
97873,228
97883,214
97894,245
97903,225
97912,188
97923,228
97933,199
97942,215
97952,237
97963,196
97972,192
97981,207
97991,230
98000,207
98010,196
98019,214
98029,245
98038,247
98048,198
98057,193
98067,224
98077,206
98086,194
98098,273
98107,203
98119,238
98130,224
98141,238
98151,220
98160,220
98169,226
98180,216
98190,224
98199,246
98210,189
98220,218
98229,241
98239,201
98248,214
98257,217
98268,211
98278,191
98287,204
98296,205
98306,230
98316,225
98325,220
98334,247
98343,234
98355,206
98364,233
98376,234
98385,239
98395,239
98404,199
98414,183
98423,200
98433,242
98442,225
98453,231
98462,239
98475,218
98485,194
98494,231
98504,217
98513,237
98524,172
98535,235
98544,226
98553,206
98564,207
98573,244
98582,237
98591,189
98601,197
98612,246
98621,183
98630,195
98641,240
98652,191
98663,241
98672,194
98682,235
98693,248
98704,224
98714,239
98724,230
98735,246
98745,188
98757,190
98767,198
98777,226
98786,240
98795,195
98805,190
98816,232
98825,194
98835,206
98844,218
98853,237
98865,206
98874,224
98883,231
98892,214
98903,194
98913,253
98922,228
98931,199
98942,234
98953,172
98964,235
98973,230
98985,230
98996,197
99005,223
99015,222
99024,232
99038,207
99047,195
99056,226
99065,224
99077,182
99087,236
99096,219
99108,238
99119,195
99130,242
99140,209
99152,200
99163,229
99173,238
99182,196
99194,248
99205,199
99215,233
99226,202
99235,235
99246,200
99258,219
99267,205
99277,206
99287,238
99296,250
99307,210
99316,221
99325,243
99338,239
99348,191
99358,235
99371,221
99380,254
99390,225
99399,187
99410,234
99421,213
99430,209
99442,192
99451,191
99461,235
99470,238
99480,222
99489,203
99499,227
99509,201
99519,204
99530,199
99542,234
99553,201
99564,233
99574,206
99585,232
99596,192
99605,215
