105348,426
105357,407
105367,396
105376,432
105385,433
105395,400
105405,394
105415,432
105424,416
105435,396
105444,424
105453,439
105462,411
105473,396
105482,393
105491,420
105500,427
105510,397
105520,389
105529,426
105538,424
105548,412
105558,382
105567,420
105576,428
105586,424
105595,401
105605,408
105615,442
105624,424
105633,404
105643,388
105653,428
105662,434
105671,411
105680,396
105691,430
105700,439
105709,418
105718,402
105729,396
105738,436
105747,433
105756,409
105766,379
105776,428
105785,423
105795,414
105804,384
105814,415
105823,430
105833,413
105842,400
105851,409
105861,441
105871,426
105880,402
105889,385
105899,421
105909,430
105918,414
105927,397
105936,427
105947,438
105956,418
105965,395
105975,403
105985,432
105994,425
106003,401
106013,408
106022,438
106032,423
106041,398
106051,384
106060,426
106070,433
106079,412
106089,395
106098,423
106107,442
106117,432
106127,401
106136,381
106145,420
106156,428
106165,410
106174,396
106183,423
106193,434
106203,410
106212,388
106221,416
106231,438
106241,419
106250,397
106259,410
106269,432
106278,424
106288,403
106297,387
106307,426
106316,421
106326,419
106336,393
106345,433
106354,436
106363,421
106374,394
106384,441
106393,420
106403,398
106413,419
106422,439
106431,433
106441,400
106450,385
106460,428
106473,442
106482,424
106491,403
106502,390
106511,418
106520,431
106530,410
106540,401
106549,427
106558,440
106568,418
106577,389
106587,408
106596,431
106606,419
106615,398
106625,413
106636,418
106645,404
106654,396
106663,429
106674,438
106683,417
106692,398
106703,439
106713,411
106722,390
106733,439
106742,420
106752,399
106761,433
106771,438
106780,408
106790,410
106801,429
106810,416
106819,400
106828,413
106839,428
106848,425
106857,402
106866,380
106876,424
106886,423
106895,418
106904,394
106914,428
106924,429
106933,423
106942,390
106952,407
106961,430
106971,419
106982,412
106991,431
107000,427
107011,402
107020,392
107029,431
107038,428
107048,413
107058,390
107067,427
107079,388
107088,424
107098,422
107108,414
107117,395
107126,426
107136,433
107146,416
107155,397
107164,407
107175,429
107185,410
107194,414
107203,441
107214,399
107225,444
107236,384
107245,418
107254,440
107264,429
107274,407
107283,386
107292,429
107302,433
107312,408
107321,402
107330,420
107340,426
107350,413
107359,386
107368,401
107378,428
107387,428
107397,403
107406,408
107416,433
107426,397
107436,393
107446,423
107455,428
107464,412
107473,399
107484,435
107493,446
107502,421
107511,397
107522,410
107531,440
107540,429
107550,399
107559,404
107569,435
107578,426
107588,403
107597,384
107607,416
107618,390
107627,397
107636,435
107645,443
107656,418
107665,391
107674,405
107683,438
107694,419
107703,400
107712,404
107721,436
107731,437
107741,417
107750,390
107759,420
107769,435
107779,424
107788,399
107798,422
107807,442
107816,426
107826,398
107836,398
107845,425
107854,437
107864,416
107874,399
107883,430
107892,440
107901,421
107912,390
107921,410
107930,428
107939,427
107950,396
107959,411
107968,435
107978,431
107987,395
107997,394
108006,420
108016,432
108025,410
108035,398
108044,424
108054,439
108063,421
108072,392
108082,394
108092,419
108101,418
108110,395
108120,396
108130,434
108139,436
108148,418
108160,413
108169,437
108178,416
108187,394
108197,425
108207,439
108216,418
108226,396
108235,395
108244,426
108254,431
108264,409
108273,401
108282,426
108292,441
108302,410
108311,385
108320,414
108329,439
108340,420
108349,381
108358,417
108367,440
108378,430
108387,414
108396,390
108406,428
108416,431
108425,418
108434,395
108444,432
108453,430
108463,422
108472,391
108482,400
108491,440
108500,430
108510,406
108520,404
108529,425
108538,428
108548,410
108558,383
108567,416
108576,430
108587,418
108596,400
108605,413
108614,442
108624,438
108634,398
108644,438
108654,421
108663,409
108673,405
108682,441
108692,432
108701,412
108710,379
108722,423
108731,415
108740,394
108749,429
108760,448
108769,421
108778,397
108789,432
108798,425
108808,397
108817,410
108827,437
108836,428
108846,408
108855,389
108865,427
108874,426
108883,419
108893,400
108903,426
108913,417
108922,397
108933,416
108942,438
108951,424
108962,418
108972,450
108981,429
108990,398
109000,394
109009,422
109019,422
109028,402
109038,393
109047,424
109057,434
109067,405
109076,384
109085,396
109094,399
109105,433
109114,384
109123,407
109134,415
109145,402
109155,414
109166,412
109175,430
109188,417
109197,438
109206,418
109216,395
109225,425
109235,446
109244,420
109255,412
109264,435
109276,389
109285,434
109294,438
109303,424
109314,397
109323,402
109332,431
109341,434
109351,408
109361,408
109370,432
109379,430
109389,411
109399,385
109408,417
109417,440
109427,428
109436,402
109446,428
109457,420
109466,385
109475,402
109488,398
109498,432
109508,414
109517,391
109527,422
109538,418
109547,394
109556,422
109565,434
109576,424
109585,397
109594,397
109603,428
109614,432
109623,406
109632,398
109641,438
109651,428
109662,393
109673,423
109682,414
109691,397
109701,430
109711,434
109720,427
109729,397
109741,437
109750,422
109759,397
109768,429
109778,436
109788,434
109797,398
109808,433
109817,436
109827,424
109836,389
109846,444
109855,445
109865,395
109876,435
109886,420
109895,408
109905,438
109915,447
109924,424
109933,392
109943,416
109953,450
109962,426
109971,406
109981,420
109990,455
110000,441
110009,419
110019,399
110028,439
110038,446
110048,420
110057,407
110066,438
110075,452
110086,431
110095,404
110104,405
110113,450
110124,444
110133,426
110142,416
110151,441
110161,450
110171,428
110180,398
110189,410
110199,447
110209,440
110218,411
110228,429
110237,444
110246,435
110256,411
110266,396
110275,440
110284,444
110294,420
110304,404
110313,438
110322,448
110331,436
110342,402
110351,418
110360,445
110369,444
110380,416
110389,413
110398,450
110408,452
110417,418
110427,395
110436,432
110446,457
110455,433
110465,408
110474,434
110484,451
110493,438
110502,407
110514,450
110523,443
110532,407
110541,421
110552,454
110561,426
110570,424
110579,397
110589,434
110600,418
110609,410
110619,436
110628,448
110638,418
110649,419
110659,419
110670,440
110680,436
110689,415
110698,394
110708,432
110717,437
110727,428
110736,405
110746,428
110755,456
110765,438
110774,410
110784,402
110793,434
110802,442
110812,422
110822,407
110831,439
110840,453
110850,432
110860,400
110869,416
110878,452
110888,438
110898,410
110907,417
110916,444
110926,452
110936,408
110945,400
110954,431
110964,452
