165566,439
165575,415
165585,392
165595,414
165604,440
165614,431
165623,412
165633,415
165642,441
165652,434
165661,418
165670,395
165680,422
165690,441
165699,438
165708,417
165718,420
165728,440
165737,441
165746,411
165755,388
165766,425
165775,448
165784,429
165795,430
165805,446
165814,428
165825,414
165834,439
165843,441
165853,412
165863,410
165872,442
165881,448
165903,405
165912,418
165921,414
165932,420
165941,446
165950,443
165959,409
165969,394
165979,432
165988,446
165997,427
166007,412
166017,425
166026,448
166038,412
166047,444
166056,446
166067,417
166076,411
166085,448
166094,447
166105,428
166114,397
166123,424
166134,439
166144,407
166153,432
166162,452
166172,436
166181,414
166191,400
166201,446
166210,447
166219,427
166228,410
166239,435
166248,462
166257,437
166266,411
166277,412
166286,423
166295,435
166304,424
166315,410
166324,443
166333,450
166342,431
166352,410
166362,416
166371,443
166381,455
166390,427
166400,404
166409,435
166419,444
166428,429
166437,401
166449,448
166458,436
166467,412
166476,418
166487,449
166496,446
166505,416
166516,440
166525,448
166535,423
166544,411
166554,439
166563,455
166573,438
166582,416
166592,406
166601,442
166610,458
166620,430
166630,410
166639,434
166648,452
166661,434
166670,451
166681,414
166690,419
166701,430
166711,402
166720,419
166729,459
166738,445
166749,423
166758,409
166767,442
166776,450
166787,426
166796,404
166805,415
166814,447
166824,441
166834,420
166843,414
166852,444
166862,448
166872,427
166881,400
166890,423
166900,448
166909,436
166919,414
166930,451
166939,441
166948,417
166959,395
166968,437
166977,450
166986,437
166996,416
167006,432
167015,452
167024,446
167034,413
167044,396
167053,440
167062,454
167072,408
167081,400
167091,430
167100,447
167110,440
167119,409
167129,399
167140,447
167149,417
167158,404
167168,441
167178,449
167187,425
167196,405
167206,408
167216,448
167225,448
167234,422
167244,403
167254,450
167263,456
167272,429
167282,402
167291,423
167301,445
167312,412
167321,416
167330,446
167340,452
167350,418
167359,392
167368,429
167377,456
167388,432
167397,414
167406,427
167415,455
167426,443
167435,428
167444,391
167454,420
167463,459
167473,432
167482,415
167492,428
167501,451
167511,440
167520,410
167530,395
167539,433
167548,450
167558,427
167568,407
167577,427
167586,443
167596,435
167606,409
167615,398
167625,439
167635,422
167645,404
167654,435
167663,442
167673,422
167683,403
167692,412
167702,446
167711,445
167720,420
167730,404
167740,452
167749,447
167758,429
167768,402
167778,412
167787,452
167796,443
167805,424
167816,417
167825,449
167834,423
167843,422
167854,396
167863,429
167872,448
167882,440
167891,406
167901,416
167910,446
167920,438
167929,418
167939,391
167948,428
167958,446
167967,435
167976,416
167994,412
168003,436
168012,448
168023,446
168032,413
168042,445
168052,443
168061,418
168071,412
168080,448
168090,455
168099,430
168109,403
168118,422
168128,445
168138,415
168147,423
168158,462
168167,447
168176,419
168186,398
168196,443
168205,456
168215,406
168225,413
168235,447
168244,442
168254,410
168263,418
168272,452
168282,448
168292,432
168301,407
168310,444
168320,460
168330,422
168339,406
168348,406
168357,444
168368,438
168377,424
168386,409
168395,451
168406,452
168416,397
168425,431
168435,452
168444,440
168454,416
168463,431
168473,459
168483,408
168493,404
168503,448
168512,449
168521,428
168532,446
168542,458
168551,430
168563,450
168572,420
168582,408
168592,448
168601,453
168610,411
168626,448
168636,442
168645,418
168654,386
168664,423
168674,439
168683,434
168692,406
168702,422
168712,442
168721,436
168730,416
168740,396
168750,438
168759,447
168768,428
168778,411
168787,434
168797,448
168806,455
168816,416
168825,402
168835,433
168847,420
168856,447
168865,445
168876,431
168885,394
168894,428
168903,448
168913,446
168923,412
168932,419
168941,460
168951,443
168961,420
168970,399
168981,428
168990,429
168999,405
169009,437
169019,455
169028,436
169037,402
169048,410
169057,444
169066,448
169075,423
169085,406
169095,435
169104,450
169113,430
169123,403
169133,410
169142,446
169151,450
169161,418
169170,406
169180,443
169189,450
169200,398
169209,429
169219,454
169229,438
169238,422
169247,422
169256,462
169267,452
169277,399
169286,450
169296,455
169306,433
169315,412
169326,458
169335,428
169345,408
169356,415
169365,443
169374,415
169385,457
169395,442
169404,420
169413,399
169423,446
169433,447
169442,428
169453,442
169462,447
169472,436
169481,403
169491,414
169500,448
169509,445
169520,425
169529,412
169538,450
169547,455
169558,432
169567,401
169576,418
169585,452
169595,447
169605,421
169614,413
169623,448
169633,453
169643,432
169652,407
169661,430
169671,447
169680,436
169690,418
169700,415
169709,447
169718,456
169728,429
169738,393
169747,416
169756,454
169767,409
169777,433
169786,448
169795,446
169805,422
169815,402
169824,440
169833,452
169843,428
169852,406
169862,433
169879,436
169888,456
169897,437
169908,414
169917,404
169926,444
169939,452
169950,400
169960,422
169969,445
169978,442
169989,421
169998,412
170007,449
170016,447
170027,434
170036,405
170045,427
170054,453
170064,448
170074,416
170083,417
170092,448
170102,452
170113,402
170122,432
170132,427
170141,430
170150,411
170160,435
170170,454
170179,433
170188,414
170198,397
170208,440
170217,447
170226,430
170236,407
170246,434
170255,444
170264,438
170274,409
170284,407
170293,441
170302,451
170312,429
170321,409
170331,439
170340,452
170350,435
170359,403
170369,414
170378,446
170388,452
170397,421
170406,406
170420,406
170429,437
170439,444
170448,423
170458,405
170467,441
170477,458
170486,436
170496,386
170505,416
170515,450
170524,448
170534,417
170545,451
170554,448
170563,431
170572,393
170583,428
170592,450
170601,440
170611,409
170620,418
170630,448
170639,446
170649,414
170658,395
170668,432
170679,427
170688,410
170697,436
170706,448
170717,439
170726,412
170735,400
170744,446
170755,452
170764,429
170773,410
170782,434
170792,457
170802,440
170811,414
170820,402
170830,438
170841,422
170850,412
170860,451
170869,428
170878,436
170888,401
170898,422
170907,450
170916,438
170927,414
170936,413
170945,441
170954,441
170964,416
170974,395
170983,410
170992,438
171002,433
171012,414
171021,413
171030,447
171040,456
171049,420
171059,401
171068,418
171078,441
171087,434
171097,412
171107,414
171116,443
171125,442
171134,420
171145,399
171154,420
171163,452
171172,436
171183,412
