409046,448
409058,399
409068,448
409078,425
409090,449
409100,422
409110,444
409120,412
409131,415
409140,454
409152,409
409162,444
409171,422
409183,450
409192,446
409201,422
409214,413
409224,412
409234,450
409243,456
409253,400
409265,450
409274,421
409283,406
409294,430
409304,425
409313,401
409323,435
409332,444
409341,443
409351,410
409361,424
409370,450
409380,416
409391,402
409401,430
409411,409
409421,444
409431,439
409440,425
409450,401
409460,449
409469,425
409479,417
409489,439
409498,462
409508,407
409519,426
409528,457
409538,417
409549,458
409560,412
409570,417
409579,454
409588,437
409597,422
409608,408
409617,458
409626,456
409635,430
409646,402
409655,428
409664,454
409674,441
409684,437
409695,414
409705,417
409718,414
409728,443
409737,460
409746,441
409756,421
409767,428
409777,420
409788,460
409798,398
409808,421
409819,425
409828,412
409838,430
409847,448
409858,418
409868,412
409877,454
409886,448
409896,414
409907,449
409918,402
409931,422
409940,454
409952,414
409962,450
409973,422
409984,452
409994,442
410008,408
410020,403
410032,443
410043,456
410053,448
410062,424
410075,452
410085,409
410095,441
410106,424
410117,448
410128,430
410137,458
410146,444
410157,413
410169,410
410179,427
410188,451
410201,421
410211,427
410221,437
410231,455
410243,431
410253,450
410262,440
410271,416
410280,417
410291,456
410300,445
410309,424
410320,448
410331,424
410342,452
410351,449
410360,439
410372,442
410381,455
410392,451
410403,422
410413,408
410422,442
410433,430
410442,409
410451,441
410465,411
410476,431
410486,456
410498,424
410507,400
410516,441
410525,455
410537,447
410548,425
410559,448
410568,444
410580,453
410590,454
410599,426
410611,452
410620,425
410630,404
410640,443
410649,462
410659,406
410672,426
410681,415
410692,450
410702,408
410713,440
410722,455
410731,434
410740,420
410750,433
410760,460
410769,448
410781,456
410790,446
410800,429
410809,414
410820,449
410829,420
410839,404
410851,400
410860,412
410870,452
410880,453
410890,402
410900,428
410910,442
410920,440
410932,428
410944,458
410953,425
410962,412
410972,432
410982,448
410992,412
411001,424
411013,451
411024,464
411036,442
411045,456
411057,414
411067,450
411076,425
411088,450
411098,436
411108,402
411117,436
411126,451
411138,412
411148,459
411157,436
411168,428
411177,456
411188,412
411199,460
411209,413
411219,431
411229,465
411238,410
411249,418
411258,451
411268,457
411277,427
411287,416
411296,439
411305,456
411318,444
411327,445
411336,446
411346,416
411356,426
411365,448
411374,450
411384,420
411394,401
411403,447
411412,450
411425,458
411439,449
411450,435
411460,441
411470,426
411482,442
411491,416
411500,426
411510,459
411520,449
411529,429
411538,406
411548,447
411558,440
411568,413
411578,445
411588,440
411597,414
411610,445
411622,427
411632,410
411641,444
411653,428
411662,412
411673,456
411682,444
411696,423
411705,408
411714,446
411723,452
411735,406
411744,432
411753,448
411763,448
411772,418
411782,426
411792,456
411801,453
411810,427
411821,454
411831,461
411840,439
411849,412
411859,444
411871,411
411880,436
411891,435
411900,426
411912,458
411921,441
411930,416
411939,414
411950,450
411959,451
411969,417
411979,453
411988,458
411998,451
412007,393
412017,433
412026,457
412036,454
412045,416
412055,419
412065,447
412075,426
412085,404
412095,459
412104,423
412114,407
