15548,636
15560,538
15570,634
15583,610
15592,646
15602,595
15613,633
15624,505
15634,640
15645,584
15654,633
15665,646
15674,590
15683,528
15695,553
15705,568
15715,626
15725,596
15735,607
15747,597
15757,637
15767,575
15777,576
15788,557
15797,602
15807,568
15817,559
15826,584
15836,540
15847,614
15856,618
15865,541
15877,645
15886,648
15896,587
15906,669
15917,559
15926,578
15937,598
15947,582
15958,645
15967,629
15977,599
15989,544
16001,617
16011,533
16021,660
16032,570
16044,572
16053,515
16064,653
16074,532
16084,590
16096,512
16105,582
16116,594
16125,518
16137,645
16146,585
16155,554
16164,511
16176,668
16186,546
16195,618
16206,555
16216,474
16225,600
16235,625
16246,596
16256,640
16266,630
16276,621
16285,595
16295,639
16306,521
16316,557
16326,530
16336,634
16348,544
16358,653
16367,607
16378,588
16389,618
16398,568
16409,650
16420,597
16432,606
16443,565
16453,602
16462,520
16473,651
16484,536
16494,635
16503,578
16514,547
16524,616
16533,590
16543,516
16552,585
16562,641
16571,661
16582,520
16592,636
16603,480
16614,625
16623,540
16633,524
16643,598
16653,626
16664,628
16673,560
16683,561
16692,524
16702,578
16711,664
16720,622
16730,560
16742,601
16753,516
16764,537
16774,520
16784,586
16793,667
16802,648
16812,518
16823,618
16833,542
16842,574
16852,670
16862,583
16871,489
16880,566
16890,608
16900,648
16909,561
16918,555
16928,608
16937,644
16950,607
16959,670
16968,578
16978,634
16989,616
16998,592
17007,577
17016,570
17027,642
17037,559
17046,553
17056,606
17065,664
17075,572
17086,611
17095,606
17106,648
17117,638
17126,546
17135,509
17144,584
17156,629
17165,520
17176,657
17185,571
17196,588
17205,658
17217,598
17229,537
17239,591
17249,515
17259,505
17269,563
17280,493
17291,669
17301,516
17313,589
17323,536
17332,597
17342,610
17351,600
17361,590
17372,643
17382,530
17391,573
17401,634
17411,602
17420,582
17430,610
17440,648
17449,551
17462,645
17472,540
17481,587
17490,644
17502,518
17511,610
17520,660
17530,619
17541,554
17550,664
17560,622
17571,638
17581,648
17591,482
17601,648
17612,532
17625,501
17636,651
17645,615
17654,514
17667,526
17679,666
17688,573
17698,628
17708,614
17718,620
17727,585
17737,628
17747,571
17759,663
17769,574
17779,582
17788,642
17798,570
17808,540
17817,499
17826,644
17836,649
17846,586
17856,572
17865,615
17875,602
17886,551
17896,594
17906,529
17915,576
17925,644
17934,588
17944,588
17954,618
17964,636
17974,587
17983,566
17994,506
18006,639
18015,650
18026,510
18036,642
18046,544
18058,594
18067,552
18076,535
18087,649
18097,555
18107,606
18118,572
18127,518
18137,586
18147,566
18156,604
18165,568
18174,507
18185,612
18196,611
18205,648
18215,666
18225,540
18235,632
18246,589
18255,476
18267,568
18277,546
18287,568
18298,552
18308,598
18317,589
18328,531
18337,569
18347,610
18356,562
18366,542
18377,545
18387,461
18399,565
18408,512
18419,588
18429,536
18440,586
18449,577
18458,661
18467,554
18478,560
18487,598
18498,507
18508,612
18519,565
18531,648
18541,545
18550,622
18562,554
18571,564
18580,578
18591,577
18600,543
