53435,670
53444,672
53456,671
53466,672
53477,672
53486,671
53495,670
53511,672
53520,670
53530,672
53539,672
53549,672
53561,672
53570,673
53579,672
53594,672
53605,672
53614,671
53623,670
53633,672
53644,672
53653,671
53662,672
53672,672
53682,672
53692,672
53702,672
53711,673
53721,672
53730,670
53740,672
53749,672
53758,672
53768,670
53779,672
53788,672
53797,672
53807,671
53817,672
53827,672
53836,669
53847,672
53858,670
53869,672
53878,672
53888,670
53897,671
53910,672
53919,672
53929,673
53939,671
53948,670
53957,672
53967,672
53977,672
53987,672
53998,672
54008,672
54020,672
54029,671
54038,672
54049,672
54059,671
54068,670
54077,672
54087,672
54097,670
54107,672
54118,672
54127,670
54136,672
54146,672
54156,672
54165,672
54174,670
54188,670
54197,673
54208,672
54217,671
54226,672
54240,672
54249,672
54258,672
54268,671
54278,672
54287,673
54298,672
54307,671
54317,672
54330,672
54339,672
54348,671
54359,669
54368,672
54377,673
54386,672
54400,672
54409,670
54420,672
54429,672
54438,672
54449,672
54458,672
54467,672
54476,672
54487,670
54496,673
54505,672
54514,672
54525,672
54537,671
54547,671
54556,672
54565,673
54578,672
54587,672
54601,671
54615,670
54624,672
54633,673
54643,672
54652,672
54662,672
54671,673
54680,672
54692,672
54706,672
54715,672
54726,670
54736,672
54749,672
54758,672
54772,670
54782,672
54794,670
54803,672
54812,672
54821,672
54834,672
54843,672
54853,672
54862,670
54872,672
54886,672
54900,671
54915,672
54925,672
54936,672
54946,671
54959,672
54969,672
54980,672
54993,672
55004,672
55017,672
55027,671
55038,672
55049,671
55058,667
55071,671
55084,671
55094,672
55104,672
55114,671
55124,672
55135,671
55146,672
55156,671
55168,672
55179,671
55188,672
55197,672
55207,670
55218,672
55227,672
55236,672
55249,671
55259,671
55269,672
55278,672
55287,672
55302,670
55311,672
55322,672
55331,670
55341,672
55350,672
55361,671
55370,672
55379,672
55390,672
55399,672
55408,670
55419,672
55430,671
55444,672
55453,672
55467,672
55476,671
55487,672
55496,672
55505,672
55515,671
55528,670
55537,672
55547,672
55557,672
55566,671
55578,672
55587,670
55600,672
55614,670
55623,672
55632,672
55644,670
55655,672
55664,668
55674,672
55688,672
55698,672
55708,672
55718,672
55733,671
55742,670
55751,672
55760,672
55775,671
55785,670
55794,672
55803,672
55813,672
55824,672
55833,672
55847,672
55861,671
55870,671
55879,672
55890,672
55901,672
55912,672
55921,670
55930,672
55942,673
55951,672
55962,672
55972,672
55982,675
55992,674
56002,674
56011,673
56020,673
56031,673
56041,672
56050,673
56059,673
56069,674
56080,673
56089,674
56098,674
56112,674
56121,672
56131,673
56140,674
56150,674
56159,673
56169,671
56178,674
56188,673
56199,672
56213,674
56222,673
56231,672
56243,674
56255,673
56266,672
56276,673
56289,672
56298,672
56307,674
56317,673
56327,672
56340,670
56349,673
56360,671
56372,673
56381,672
56392,674
56401,673
56411,673
56420,672
56430,673
56439,673
56449,673
56458,673
56468,670
56477,672
56491,673
56501,673
