565456,672
565466,672
565475,672
565484,668
565494,672
565504,672
565514,670
565524,672
565533,672
565543,670
565554,672
565564,672
565578,657
565587,672
565598,673
565607,672
565618,672
565633,671
565643,672
565652,672
565661,672
565671,671
565681,670
565690,672
565699,672
565709,672
565719,670
565728,673
565742,672
565753,672
565766,672
565776,672
565785,672
565794,673
565804,672
565814,673
565823,672
565832,672
565841,670
565852,674
565866,673
565875,671
565884,674
565895,674
565904,674
565913,672
565922,673
565933,675
565943,672
565955,674
565966,674
565977,673
565986,672
565995,673
566004,675
566014,674
566029,670
566039,673
566048,675
566059,672
566068,674
566077,674
566086,675
566097,674
566107,674
566116,674
566129,673
566140,674
566152,673
566163,674
566174,674
566184,674
566195,674
566208,674
566217,674
566226,673
566237,672
566248,673
566257,670
566267,674
566278,673
566287,672
566298,674
566311,673
566321,672
566330,672
566341,673
566350,674
566360,660
566371,673
566380,673
566394,673
566405,674
566415,672
566424,672
566437,673
566448,674
566459,673
566473,674
566482,673
566493,674
566503,674
566515,673
566525,672
566537,673
566547,664
566558,673
566571,674
566580,673
566593,672
566603,674
566614,673
566623,672
566632,673
566643,673
566652,673
566662,673
566673,674
566683,672
566692,673
566703,673
566712,673
566721,672
566732,674
566744,673
566755,672
566764,673
566774,673
566791,673
566800,673
566809,673
566818,667
566829,674
566838,673
566847,673
566856,672
566866,673
566877,673
566888,672
566897,673
566906,673
566916,672
566926,673
566935,672
566944,672
566956,671
566966,672
566975,671
566985,671
567000,672
567009,672
567018,670
567027,672
567037,672
567048,669
567057,672
567067,672
567076,672
567086,671
567095,670
567105,672
567114,672
567123,671
567133,658
567143,672
567152,672
567161,672
567175,671
567185,672
567195,672
567204,672
567218,671
567227,670
567236,672
567246,672
567256,672
567265,671
567274,672
567284,672
567293,672
567303,669
567312,672
567322,672
567333,672
567347,672
567356,672
567366,672
567375,670
567385,672
567394,672
567404,672
567413,670
567422,671
567437,672
567448,640
567457,673
567467,672
567478,670
567493,672
567507,670
567517,672
567529,672
567542,672
567553,672
567562,671
567572,672
567581,672
567595,672
567605,670
567614,672
567624,672
567633,672
567643,669
567658,672
567668,672
567677,664
567687,672
567696,672
567707,670
567716,672
567726,672
567736,672
567745,665
567759,672
567770,671
567780,671
567789,673
567799,672
567811,673
567820,672
567829,671
567840,672
567852,672
567862,672
567871,672
567881,672
567895,672
567904,672
567915,668
567924,672
567936,672
567946,673
567959,672
567968,672
567980,672
567989,672
567998,673
568010,672
568019,672
568029,672
568041,672
568055,670
568065,672
568078,672
568087,673
568096,672
568107,671
568116,673
568125,673
568135,672
568144,669
568158,670
568173,672
568182,672
568192,673
568202,672
568211,672
568220,672
568229,670
568240,672
568249,672
568259,671
568271,671
568287,672
568298,666
568307,672
568317,672
568328,670
568337,672
568347,672
568357,663
568367,672
568376,672
568385,672
568395,670
568404,672
568416,668
568426,672
568440,672
568452,672
568462,672
568471,671
568481,672
568492,672
568502,671
568511,672
568521,672
