271156,42
271167,0
271176,4
271187,0
271199,0
271209,0
271220,0
271230,0
271242,0
271253,0
271263,0
271275,0
271286,0
271296,0
271307,0
271316,0
271328,0
271337,0
271347,0
271357,0
271367,0
271378,0
271390,0
271401,0
271412,0
271423,0
271434,0
271444,0
271456,0
271467,0
271477,0
271489,0
271498,0
271509,0
271520,0
271531,0
271542,0
271553,0
271562,0
271574,0
271584,0
271595,0
271606,0
271616,0
271626,0
271636,0
271646,0
271657,0
271669,0
271678,0
271693,0
271704,0
271715,0
271726,0
271736,0
271748,0
271757,0
271768,0
271777,0
271789,0
271800,0
271810,0
271821,0
271833,0
271843,0
271854,0
271867,0
271879,0
271890,0
271900,0
271911,0
271921,0
271932,0
271943,0
271955,0
271966,0
271977,0
271986,0
271996,0
272007,0
272018,0
272029,0
272039,1
272054,3
272066,5
272076,6
272087,6
272097,8
272107,8
272117,9
272126,10
272138,11
272149,12
272160,12
272171,13
272182,14
272193,14
272203,14
272215,14
272227,15
272236,14
272247,15
272257,12
272268,7
272279,2
272289,0
272301,0
272312,1
272322,3
272333,5
272345,8
272355,10
272366,12
272378,14
272390,15
272400,15
272411,15
272420,15
272431,16
272441,16
272452,16
272464,17
272483,18
272494,18
272504,19
272516,19
272527,19
272538,19
272547,19
272561,19
272572,19
272583,17
272592,12
272604,6
272614,2
272625,1
272636,2
272647,4
272658,6
272669,9
272679,11
272691,13
272703,16
272714,17
272727,18
272737,18
272748,17
272759,18
272770,17
272781,18
272790,18
272800,18
272809,19
272819,18
272830,18
272842,18
272854,19
272864,18
272875,19
272886,20
272897,20
272908,18
272917,16
272928,10
272937,5
272949,2
272959,3
272970,4
272982,6
272995,10
273006,12
273015,14
273027,15
273038,16
273050,17
273060,18
273072,17
273081,16
273092,16
273103,17
273119,17
273129,18
273140,18
273152,18
273161,18
273170,19
273181,19
273191,19
273203,19
273214,19
273225,19
273235,17
273247,12
273258,7
273268,3
273280,2
273291,3
273301,5
273312,8
273324,10
273334,12
273343,14
273354,16
273363,16
273375,17
273384,17
273395,17
273404,17
273416,17
273427,18
273437,18
273447,18
273458,19
273469,19
273478,20
273489,19
273499,19
273508,19
273519,19
273528,19
273540,19
273549,18
273560,17
273571,12
273582,6
273596,2
273606,2
273617,3
273627,5
273638,8
273649,10
273659,12
273671,14
273682,16
273692,16
273703,17
273713,17
273727,18
273736,18
273745,19
273757,19
273766,19
273777,20
273788,20
273799,20
273809,20
273819,20
273830,20
273840,20
273852,20
273863,19
273876,18
273888,14
273899,8
273909,4
273923,2
273933,3
273942,4
273953,7
273963,9
273974,12
273988,15
273998,17
274008,18
274018,18
274028,19
274039,20
274049,20
274060,20
274071,20
274081,20
274093,20
274102,20
274112,20
274122,20
274134,20
274143,20
274154,21
274163,21
274172,22
274184,22
274193,22
274204,22
274216,20
274226,15
274237,10
274248,7
274258,6
274270,6
274281,8
274293,11
274304,12
274315,15
274324,16
274335,18
274347,18
274357,19
274368,18
274377,19
274387,18
274398,18
274409,19
274420,19
274433,19
274443,20
274454,20
274463,20
274473,21
274484,21
274495,21
274506,21
274516,21
274528,20
274539,19
274549,14
274561,10
274572,6
274582,5
274592,6
274603,8
274614,10
274625,12
274635,14
274644,16
274656,16
274667,18
274677,18
274689,20
274700,20
274711,19
274721,19
274733,19
274744,19
274757,19
274766,20
274778,20
274787,20
274798,20
274809,20
274820,20
274831,20
274842,20
274851,19
274867,15
274878,10
274888,6
274897,5
274909,6
274918,6
274929,9
274940,11
274951,13
274962,14
274976,17
274987,18
274998,18
275007,18
275018,18
275028,19
275040,19
275051,19
275062,20
275073,20
275084,20
275093,20
275105,21
275117,21
275128,21
275138,21
275149,20
275161,20
275173,18
275182,14
275193,10
275204,8
275214,8
275224,8
275235,10
275245,12
275256,13
275265,14
275274,16
275284,17
275295,18
275306,18
275317,18
275326,18
275338,18
275348,18
275359,18
275371,19
275381,19
275392,20
275403,20
275416,20
275426,20
275437,20
275446,20
275458,20
275471,20
275482,18
275493,14
275505,10
275515,7
275526,6
275537,8
275547,8
275556,10
275567,12
275577,14
275589,16
275598,16
275609,18
275618,17
275630,17
275639,17
275650,17
275660,18
275672,18
275681,18
275692,19
275701,19
275713,20
275722,20
275733,20
275744,20
275755,20
275769,21
275780,20
275790,20
275802,18
275813,15
275823,11
275834,9
275848,9
275858,10
275868,12
275879,14
275889,14
275900,16
275911,17
275921,18
275933,18
275945,18
275954,17
275965,16
275975,16
275986,16
275997,16
276007,16
276019,16
276030,17
276040,17
276051,17
276061,18
276071,18
276081,18
276092,18
276104,18
276114,15
276123,11
276133,6
276144,3
276155,3
276164,4
276175,6
276187,8
276197,10
276208,12
276219,14
276229,16
276240,16
276250,17
276261,17
276273,17
276283,18
276294,18
276303,17
276315,18
276326,18
276336,19
276347,19
276359,19
276369,19
276380,20
276391,20
276401,19
276413,19
276424,18
276434,14
276446,9
276457,4
