771672,40
771683,0
771694,402
771703,0
771715,0
771724,0
771734,0
771744,0
771753,0
771765,0
771774,0
771789,0
771802,0
771811,0
771822,0
771833,0
771846,0
771855,0
771864,0
771873,0
771884,0
771893,0
771904,0
771914,0
771926,0
771937,0
771947,0
771956,0
771966,0
771977,0
771988,0
771997,0
772009,0
772021,0
772030,0
772040,0
772049,0
772059,0
772068,0
772077,0
772087,0
772097,0
772106,0
772115,0
772126,0
772137,0
772150,0
772159,0
772168,0
772179,0
772191,0
772200,0
772211,0
772220,0
772230,0
772239,0
772250,0
772261,0
772271,0
772280,0
772289,0
772299,0
772310,0
772321,0
772330,0
772339,0
772352,0
772362,0
772371,0
772380,0
772389,0
772400,0
772413,0
772424,0
772433,0
772443,0
772454,0
772463,0
772472,0
772483,0
772493,0
772503,0
772513,2
772525,1
772536,2
772545,2
772555,4
772566,4
772576,4
772587,5
772596,5
772606,6
772616,6
772625,8
772636,8
772648,8
772658,8
772667,8
772676,7
772686,6
772696,6
772707,6
772717,6
772727,7
772738,7
772749,8
772758,8
772767,7
772780,8
772790,8
772803,10
772812,10
772824,11
772833,10
772844,11
772855,11
772865,11
772874,12
772885,12
772896,12
772905,12
772916,13
772927,13
772936,13
772947,14
772959,15
772968,15
772977,15
772988,15
772998,15
773009,15
773020,16
773029,15
773040,16
773051,15
773062,16
773073,16
773083,18
773092,15
773101,14
773111,13
773122,14
773131,14
773142,14
773151,13
773161,14
773172,14
773182,14
773191,14
773200,13
773210,14
773221,15
773232,14
773241,14
773251,14
773260,14
773270,14
773282,15
773295,16
773304,15
773315,15
773324,15
773334,15
773345,16
773356,15
773366,16
773377,16
773386,15
773397,16
773407,15
773419,15
773431,16
773443,16
773452,15
773464,16
773473,16
773484,15
773496,14
773508,14
773517,13
773526,12
773535,12
773547,12
773556,11
773567,12
773576,11
773586,12
773599,12
773608,12
773617,12
773628,13
773638,12
773647,13
773658,13
773669,14
773679,13
773691,14
773700,14
773710,14
773723,14
773732,14
773741,14
773750,14
773761,14
773770,14
773781,15
773791,15
773801,15
773812,16
773821,15
773832,16
773843,16
773853,16
773864,16
773873,16
773882,16
773894,15
773903,15
773912,16
773922,15
773933,14
773943,14
773953,14
773963,13
773974,13
773985,13
773994,12
774006,12
774017,13
774027,12
774036,12
774046,13
774056,13
774067,13
774076,13
774087,13
774096,14
774107,14
774117,12
774126,12
774137,12
774148,12
774159,12
774168,12
774179,13
774192,14
774201,13
774212,13
774221,14
774233,13
774242,14
774253,15
774262,14
774272,14
774283,15
774292,15
774304,16
774315,16
774324,15
774336,16
774345,16
774354,16
774365,16
774374,15
774387,16
774397,15
774408,13
774418,14
774427,14
774436,13
774446,12
774456,12
774465,13
774474,13
774483,12
774495,14
774504,14
774514,14
774523,14
774533,14
774542,14
774553,14
774562,15
774573,15
774585,15
774595,15
774605,16
774616,16
774626,16
774635,17
774644,17
774653,17
774665,17
774676,18
774686,18
774699,17
774710,18
774719,17
774729,17
774738,16
774748,17
774757,17
774767,17
774776,17
774787,18
774797,18
774806,16
774817,16
774828,16
774838,15
774848,15
774858,14
774867,14
774877,13
774886,14
774897,14
774908,14
774918,14
774929,14
774938,14
774948,14
774959,15
774968,15
774985,15
774995,16
775007,15
775016,15
775027,15
775036,15
775046,15
775057,16
775066,16
775077,16
775087,16
775098,15
775109,16
775118,15
775128,15
775139,14
775148,13
775157,13
775168,14
775177,15
775187,14
775198,16
775209,18
775219,18
775228,18
775238,18
775247,16
775257,16
775266,16
775276,15
775286,15
775299,14
775309,16
775318,15
775327,14
775339,15
775348,14
775357,14
775368,15
775377,15
775389,15
775398,15
775410,15
775420,16
775430,15
775439,15
775448,15
775458,15
775468,15
