3170593,25
3170603,13
3170613,5
3170622,0
3170632,0
3170642,1
3170652,2
3170661,0
3170672,0
3170681,0
3170693,0
3170702,2
3170711,5
3170721,6
3170732,11
3170741,13
3170751,14
3170760,16
3170769,17
3170780,17
3170789,16
3170799,19
3170809,20
3170823,21
3170833,24
3170842,23
3170852,26
3170863,25
3170873,25
3170884,26
3170893,26
3170904,29
3170914,30
3170925,30
3170934,29
3170945,30
3170954,33
3170963,33
3170972,32
3170982,32
3170993,33
3171003,32
3171012,30
3171021,24
3171031,18
3171041,11
3171050,5
3171059,0
3171068,0
3171080,0
3171089,0
3171099,0
3171108,0
3171122,1
3171132,4
3171141,7
3171150,9
3171160,12
3171170,13
3171179,16
3171189,18
3171200,19
3171209,20
3171218,20
3171228,19
3171240,22
3171250,21
3171261,26
3171271,23
3171282,26
3171294,28
3171303,28
3171314,32
3171323,32
3171335,28
3171344,33
3171353,32
3171364,34
3171374,34
3171383,33
3171393,34
3171403,37
3171415,37
3171424,37
3171433,33
3171443,29
3171452,24
3171462,17
3171472,11
3171482,4
3171491,0
3171502,0
3171511,0
3171520,0
3171529,1
3171540,2
3171550,4
3171560,6
3171569,8
3171580,11
3171590,14
3171599,16
3171610,20
3171619,21
3171629,21
3171639,22
3171648,23
3171657,22
3171666,25
3171677,23
3171686,26
3171695,26
3171706,31
3171716,32
3171725,29
3171735,28
3171744,30
3171756,30
3171765,33
3171774,31
3171783,29
3171794,31
3171804,32
3171814,36
3171823,34
3171832,34
3171842,32
3171852,26
3171861,18
3171870,13
3171879,8
3171891,4
3171902,2
3171912,2
3171922,3
3171932,3
3171941,4
3171950,4
3171960,3
3171970,7
3171983,8
3171993,10
3172002,12
3172012,12
3172021,14
3172031,15
3172040,14
3172049,17
3172060,18
3172069,21
3172078,23
3172092,24
3172102,25
3172113,24
3172122,28
3172132,28
3172143,29
3172153,30
3172164,30
3172173,31
3172185,31
3172194,32
3172204,33
3172214,35
3172225,36
3172234,36
3172243,32
3172252,28
3172264,21
3172275,11
3172284,4
3172293,0
3172304,0
3172314,0
3172323,0
3172334,0
3172345,0
3172355,0
3172364,0
3172373,0
3172383,2
3172392,5
3172402,6
3172414,7
3172424,8
3172433,8
3172443,8
3172452,12
3172462,12
3172471,12
3172481,15
3172492,17
3172501,18
3172510,20
3172521,23
3172531,24
3172541,25
3172550,27
3172559,28
3172569,30
3172579,31
3172588,31
3172598,30
3172609,31
3172618,30
3172627,30
3172639,32
3172649,32
3172660,30
3172670,22
3172679,14
3172688,8
3172698,2
3172708,0
3172717,0
3172728,0
3172738,0
3172748,0
3172758,0
3172767,1
3172776,2
3172788,0
3172797,0
3172806,0
3172816,0
3172826,0
3172835,0
3172844,0
3172854,0
3172864,0
3172873,1
3172882,2
3172892,3
3172901,5
3172911,6
3172920,8
3172930,10
3172940,12
3172950,15
3172960,17
3172969,20
3172978,22
3172988,24
3172999,28
3173008,29
3173018,30
3173027,33
3173037,35
3173047,38
3173057,42
3173066,40
3173078,34
3173087,30
3173098,24
3173107,16
3173117,11
3173128,6
3173138,4
3173147,4
3173158,7
3173168,8
3173181,6
3173191,8
3173201,10
3173211,13
3173221,14
3173230,16
3173239,16
3173250,17
3173259,18
3173268,19
3173277,20
3173287,20
3173297,23
3173308,24
3173317,26
3173326,28
3173336,27
3173346,28
3173358,30
3173368,27
3173379,27
3173388,31
3173399,30
3173408,29
3173417,29
3173427,30
3173437,31
3173446,34
3173458,32
3173468,32
3173478,32
3173487,30
3173496,25
3173506,18
3173516,13
3173525,8
3173535,6
3173547,5
3173556,4
3173569,5
3173578,4
3173587,6
3173597,7
3173606,9
3173617,9
3173626,15
3173637,13
3173647,15
3173657,16
3173666,15
3173676,16
3173685,16
3173695,18
3173705,19
3173716,21
3173726,24
3173736,23
3173745,24
3173754,24
3173764,27
3173774,26
3173783,28
3173792,28
3173801,28
3173813,30
3173822,30
3173833,30
3173842,33
3173853,32
3173862,32
3173871,33
3173880,34
3173891,34
3173901,34
3173911,29
3173920,24
3173929,18
3173939,12
3173949,8
3173958,4
3173967,0
3173977,0
3173987,0
3173997,0
3174007,1
3174018,1
3174029,3
3174038,6
3174047,7
3174057,9
3174067,11
3174076,12
3174088,16
3174097,16
3174108,18
3174117,19
3174126,19
3174136,20
3174147,20
3174156,18
3174167,24
3174176,24
3174187,23
3174196,26
3174205,29
3174216,28
3174225,28
3174235,29
3174245,31
3174254,29
3174263,27
3174275,28
3174286,30
3174295,31
3174306,33
3174317,36
3174327,33
3174336,32
3174345,28
3174354,23
3174365,18
3174374,12
3174383,9
3174395,6
3174405,3
3174415,4
3174424,3
3174435,2
3174446,4
3174456,1
3174466,6
3174475,7
3174486,8
3174495,9
3174504,10
3174513,11
3174523,14
3174534,14
3174544,14
3174553,18
3174564,18
3174575,18
3174585,19
3174594,20
3174603,20
3174612,22
3174623,23
3174632,24
3174643,24
3174653,26
3174663,28
3174674,28
3174685,31
3174694,30
3174704,32
3174715,32
3174726,29
3174736,29
3174747,30
3174756,31
3174765,31
3174776,29
3174788,24
3174797,18
3174808,14
3174817,10
3174827,5
3174836,3
3174846,2
3174855,2
3174864,2
3174874,2
3174884,2
3174893,5
3174902,7
3174912,10
3174924,11
3174934,13
3174943,13
3174952,14
3174962,14
3174973,16
3174982,16
3174993,19
3175003,19
3175013,16
3175022,19
3175031,18
3175041,19
3175051,22
3175060,21
3175069,23
3175078,22
3175092,25
3175101,26
3175110,26
3175121,26
3175131,26
3175142,27
3175151,25
3175160,28
3175171,27
3175180,26
3175189,22
3175198,16
3175208,12
3175218,6
3175227,2
3175236,0
3175246,0
3175256,0
3175265,0
3175274,0
3175284,0
3175293,0
3175303,2
3175312,6
3175322,8
3175334,9
3175344,11
3175355,13
3175364,12
3175373,11
3175383,14
3175393,14
3175402,16
3175411,18
3175420,18
3175431,20
3175440,20
3175449,21
3175458,24
3175470,23
3175479,24
3175489,25
3175498,27
3175507,27
3175519,28
3175528,30
3175537,29
3175548,30
3175558,31
3175569,31
3175578,32
3175588,31
3175599,28
3175609,24
3175618,18
3175627,11
3175636,4
3175647,0
3175656,0
3175667,0
3175677,0
3175687,0
3175697,0
3175707,0
3175718,0
3175728,0
3175738,0
3175747,0
3175756,1
3175766,1
3175777,4
3175786,4
3175795,6
3175805,8
3175815,9
3175826,11
3175836,15
3175846,14
3175856,13
3175865,15
3175874,15
3175884,16
3175895,19
3175905,20
3175914,20
3175923,22
3175932,23
3175943,24
3175952,26
3175961,26
3175970,26
3175982,28
3175994,28
3176003,27
3176014,26
3176024,24
3176034,20
3176043,14
3176052,8
3176061,3
3176072,0
3176081,0
3176090,0
3176099,0
3176110,0
3176119,0
3176128,0
3176137,0
3176147,0
3176157,2
3176166,3
3176177,7
3176188,9
3176198,9
3176208,10
3176218,10
3176227,10
