3264898,0
3264907,0
3264918,0
3264927,0
3264937,0
3264947,0
3264956,1
3264967,4
3264977,5
3264988,5
3264997,6
3265006,7
3265015,7
3265026,9
3265036,10
3265046,12
3265055,14
3265065,16
3265077,18
3265088,20
3265100,23
3265112,23
3265124,22
3265134,21
3265144,21
3265155,25
3265166,26
3265175,27
3265185,30
3265199,28
3265210,30
3265219,28
3265233,29
3265243,25
3265254,18
3265264,6
3265273,0
3265287,0
3265297,0
3265308,0
3265319,0
3265329,0
3265342,0
3265352,0
3265361,0
3265371,0
3265382,0
3265392,0
3265402,3
3265413,4
3265423,6
3265435,5
3265447,10
3265458,10
3265468,10
3265480,12
3265490,14
3265501,16
3265511,18
3265524,23
3265533,24
3265543,26
3265554,28
3265566,28
3265575,30
3265587,31
3265599,27
3265611,29
3265620,29
3265632,33
3265641,35
3265653,34
3265665,32
3265676,29
3265685,21
3265696,10
3265709,2
3265719,0
3265730,0
3265741,0
3265751,0
3265762,0
3265772,0
3265783,0
3265793,0
3265803,0
3265816,0
3265825,3
3265837,4
3265849,9
3265858,10
3265869,10
3265882,12
3265893,15
3265903,19
3265914,22
3265924,24
3265934,27
3265944,28
3265954,29
3265964,31
3265975,34
3265993,34
3266006,34
3266017,36
3266027,37
3266036,40
3266046,39
3266057,42
3266067,42
3266077,42
3266088,42
3266103,38
3266112,34
3266121,25
3266136,12
3266152,0
3266162,0
3266171,0
3266181,0
3266190,0
3266201,0
3266213,0
3266223,2
3266234,4
3266243,8
3266258,8
3266270,10
3266279,13
3266290,10
3266301,11
3266315,15
3266326,16
3266335,17
3266347,20
3266356,18
3266367,20
3266376,21
3266388,22
3266398,24
3266409,24
3266420,26
3266429,25
3266441,25
3266450,22
3266459,18
3266469,18
3266479,17
3266490,19
3266500,20
3266512,20
3266523,20
3266533,12
3266543,4
3266553,0
3266563,0
3266573,0
3266582,0
3266591,0
3266604,0
3266615,0
3266624,0
3266638,0
3266648,0
3266657,0
3266669,1
3266679,1
3266689,1
3266698,2
3266707,3
3266717,4
3266726,6
3266736,8
3266745,7
3266759,10
3266768,14
3266778,16
3266789,17
3266800,18
3266809,20
3266819,20
3266828,20
3266841,21
3266850,22
3266860,22
3266871,24
3266880,26
3266892,28
3266904,30
3266915,29
3266924,30
3266933,29
3266946,30
3266958,30
3266969,22
3266980,10
3266991,1
3267002,1
3267011,0
3267021,0
3267038,0
3267047,0
3267057,0
3267066,0
3267076,0
3267088,0
3267099,2
3267108,5
3267120,5
3267129,9
3267138,10
3267149,12
3267164,13
3267173,16
3267182,15
3267193,19
3267203,20
3267214,21
3267223,23
3267234,27
3267247,26
3267257,24
3267267,30
3267282,30
3267294,35
3267303,33
3267314,32
3267324,34
3267337,36
3267348,38
3267360,42
3267369,43
3267380,41
3267389,43
3267400,42
3267412,32
3267423,24
3267433,15
3267443,6
3267454,0
3267467,0
3267476,0
3267487,0
3267501,0
3267514,0
3267523,0
3267532,3
3267542,8
3267554,10
3267564,14
3267574,17
3267586,18
3267597,23
3267607,23
3267618,27
3267633,30
3267642,29
3267653,29
3267662,32
3267674,33
3267684,36
3267693,37
3267703,37
3267717,39
3267727,40
3267736,40
3267746,40
3267760,42
3267770,39
3267780,39
3267789,40
3267799,41
3267808,41
3267818,43
3267830,41
3267841,43
3267851,41
3267860,35
3267871,26
3267885,14
3267894,6
3267904,0
3267916,0
3267926,0
3267937,0
3267949,0
3267961,0
3267972,0
