694188,16
694205,15
694215,16
694230,15
694243,17
694254,15
694265,15
694278,15
694290,18
694302,18
694329,15
694341,15
694351,15
694363,19
694375,18
694389,18
694403,13
694427,14
694437,12
694447,15
694465,16
694478,16
694489,14
694505,12
694516,16
694525,16
694537,12
694549,14
694558,15
694582,16
694594,17
694609,14
694619,18
694630,15
694644,18
694657,14
694672,17
694683,14
694700,18
694709,16
694722,18
694732,17
694742,16
694753,12
694774,17
694789,16
694805,15
694818,19
694828,16
694838,16
694849,14
694860,16
694877,17
694894,16
694905,16
694916,13
694928,14
694941,16
694957,16
694967,18
694986,17
694999,16
695009,14
695020,15
695041,18
695053,18
695074,14
695084,15
695094,13
695106,13
695119,16
695132,15
695143,13
695152,16
695174,17
695185,13
695196,14
695206,15
695218,15
695239,18
695251,14
695269,14
695278,15
695290,14
695301,16
695313,18
695322,17
695331,16
695350,13
695372,14
695385,18
695395,16
695406,15
695417,15
695434,14
695445,12
695454,14
695465,14
695483,15
695501,16
695523,15
695536,16
695549,17
695568,16
695578,15
695588,15
695601,15
695613,14
695626,16
695641,15
695651,14
695664,16
695674,14
695687,16
695701,16
695714,14
695727,15
695738,16
695750,17
695761,12
695774,14
695783,16
695795,13
695808,15
695821,14
695833,14
695846,18
695856,15
695867,16
695890,14
695900,14
695912,17
695921,15
695937,14
695948,14
695960,15
695979,17
695990,16
695999,16
696015,13
696028,17
696040,15
696050,17
696062,18
696074,17
696092,13
696103,13
696116,14
696125,15
696135,15
696147,14
696166,18
696184,16
696197,14
696214,14
696233,17
696245,14
696254,16
696265,15
696274,14
696286,14
696304,17
696313,16
696324,16
696334,14
696346,12
696358,13
696370,14
696379,14
696389,14
696398,17
696412,14
696424,17
696437,15
696453,19
696463,15
696474,14
696483,14
696502,15
696516,14
696528,14
696538,15
696549,15
696560,17
696569,16
696588,16
696617,15
696629,14
696638,16
696651,13
696663,16
696672,16
696683,16
696692,16
696704,16
696717,15
696727,16
696737,17
696750,17
696769,15
696778,20
696797,18
696808,15
696818,16
696837,15
696848,14
696857,15
696868,14
696884,16
696895,16
696913,14
696923,14
696935,18
696945,16
696958,19
696973,18
696986,18
696997,13
697021,17
697031,14
697042,14
697061,15
697070,14
697080,14
697093,14
697106,18
697115,15
697129,18
697143,14
697156,15
697165,16
697178,14
697190,16
697211,18
697224,14
697235,15
697246,15
