37908,13
37918,13
37928,14
37939,14
37948,14
37957,13
37968,15
37978,14
37987,13
37999,14
38011,16
38024,14
38035,13
38047,14
38056,15
38067,13
38076,14
38085,15
38094,13
38107,13
38118,16
38127,13
38136,11
38148,15
38162,14
38174,16
38183,16
38193,15
38204,16
38215,16
38224,13
38237,15
38246,20
38255,17
38270,17
38281,16
38290,15
38299,15
38308,15
38320,15
38329,15
38339,16
38348,15
38358,16
38367,16
38376,16
38386,17
38395,17
38407,19
38416,14
38425,15
38434,16
38446,16
38457,16
38467,18
38478,17
38490,17
38500,16
38511,15
38522,13
38536,16
38545,16
38555,15
38564,14
38575,19
38586,12
38595,14
38605,14
38615,16
38624,18
38633,16
38644,16
38653,14
38663,15
38673,16
38683,16
38694,16
38706,14
38716,17
38727,16
38736,16
38749,14
38758,16
38771,16
38780,17
38791,16
38801,15
38810,16
38819,17
38829,15
38839,14
38848,13
38860,16
38872,15
38882,12
38894,12
38905,14
38917,14
38926,16
38937,16
38946,14
38956,14
38965,14
38974,14
38984,15
38994,15
39005,16
39014,13
39023,16
39032,15
39045,18
39055,14
39064,16
39074,16
39085,16
39095,15
39105,19
39114,18
39123,16
39135,15
39145,15
39156,13
39165,17
39176,16
39185,12
39194,13
39203,12
39213,12
39226,16
39241,16
39250,13
39260,16
39269,16
39279,15
39289,16
39301,15
39312,18
39321,16
39333,18
39346,18
39355,16
39366,16
39377,15
39388,15
39397,16
39407,17
39416,16
39426,14
39435,14
39445,17
39455,16
39465,16
39476,14
39485,14
39496,16
39505,14
39517,14
39528,15
39538,16
39548,16
39558,12
39567,12
39578,17
39587,16
39597,16
39609,17
39618,17
39629,16
39639,16
39650,17
39659,15
39668,16
39680,16
39689,15
39699,16
39709,16
39720,19
39732,16
39741,15
39750,14
39759,14
39769,14
39780,14
39792,14
39801,15
39812,15
39822,14
39834,14
39844,16
39855,15
39865,15
39874,18
39883,16
39892,16
39902,16
39912,14
39921,14
39930,15
39940,13
39950,14
39959,15
39970,13
39980,14
39989,14
40001,16
40010,14
40020,14
40030,14
40039,18
40048,13
40058,15
40068,15
40077,16
40086,15
40095,14
40109,18
40118,16
40127,14
40136,15
40145,13
40156,17
40165,16
40174,16
40183,15
40196,15
40206,16
40215,15
40227,16
40237,17
40248,16
40259,16
40268,13
40278,16
40287,16
40297,16
40306,14
40316,16
40328,14
40337,16
40347,16
40356,16
40366,17
40375,14
40384,15
40395,14
40404,14
40417,16
40431,15
40440,16
40450,17
40461,16
40470,16
40481,15
40491,14
40500,15
40510,14
40519,14
40528,14
40538,13
40548,12
40558,16
40567,15
40579,16
40588,16
40598,16
40607,16
40616,15
40626,14
40637,14
40648,14
40658,16
40669,16
40678,14
40688,14
40698,14
40708,15
40717,13
40726,15
40736,15
40745,15
40755,15
40764,14
40774,16
40783,18
40793,15
40802,14
40811,15
40821,14
40830,17
40840,16
40851,16
40861,17
40871,16
40881,17
40890,16
40899,16
40909,14
40920,15
40932,15
40942,15
40951,15
40961,16
40970,16
40980,15
