116981,16
116990,15
117000,15
117011,18
117022,16
117031,14
117041,16
117050,15
117060,12
117069,12
117079,12
117088,12
117098,15
117107,13
117117,18
117128,17
117137,15
117146,16
117155,18
117166,17
117176,14
117186,15
117195,16
117204,14
117216,14
117226,14
117236,15
117245,16
117257,17
117267,18
117277,17
117286,17
117296,17
117305,14
117317,18
117327,15
117337,13
117348,17
117357,13
117366,14
117376,15
117387,16
117398,13
117407,14
117424,17
117434,16
117443,15
117452,16
117462,16
117472,17
117482,17
117492,17
117501,18
117511,18
117520,18
117530,18
117539,16
117550,17
117560,18
117569,18
117578,18
117590,18
117599,18
117608,16
117618,16
117630,14
117640,17
117649,16
117658,14
117668,16
117679,16
117689,14
117698,16
117707,17
117720,13
117729,15
117742,13
117754,14
117765,14
117775,16
117784,17
117793,14
117803,15
117813,14
117822,15
117831,15
117840,15
117852,16
117863,18
117872,15
117883,16
117893,17
117902,17
117911,16
117921,18
117932,18
117941,15
117954,18
117963,17
117972,18
117982,14
117992,16
118001,15
118011,17
118022,18
118031,17
118040,15
118051,13
118061,12
118070,13
118080,13
118089,14
118099,14
118110,16
118119,16
118128,16
118139,16
118149,16
118158,14
118168,14
118178,16
118189,13
118198,13
118207,16
118216,16
118227,14
118237,16
118246,13
118256,13
118265,15
118277,15
118286,16
118295,16
118304,16
118316,16
118327,18
118336,16
118345,15
118358,13
118369,13
118378,18
118387,14
118398,11
118408,14
118418,12
118427,15
118436,12
118446,16
118457,16
118466,14
118475,14
118486,14
118495,16
118504,16
118515,16
118524,16
118534,17
118545,15
118556,16
118565,14
118577,16
118586,16
118601,19
118610,16
118621,12
118630,12
118639,15
118648,15
118659,15
118669,15
118678,16
118688,13
118697,12
118707,12
118718,18
118727,15
118736,14
118747,16
118756,14
118767,16
118780,16
118790,12
118800,15
118810,11
118821,17
118831,15
118840,14
118851,16
118860,13
118871,16
118880,17
118889,15
118898,15
118909,19
118919,20
118928,16
118938,17
118947,16
118959,14
118969,16
118979,14
118989,14
118999,15
119009,18
119019,17
119030,17
119040,14
119050,15
119059,16
119069,13
119079,15
119089,15
119100,15
119109,16
119118,16
119128,13
119142,16
119151,16
119162,14
119173,14
119184,16
119193,16
119204,16
119214,16
119224,17
119234,17
119243,17
119255,16
119264,18
119276,16
119286,16
119299,15
119311,13
119320,17
119331,13
119342,13
119352,12
119361,15
119372,13
119382,13
119391,15
119405,16
119415,16
119427,14
119438,12
119447,15
119456,16
119465,15
119476,15
119486,16
119496,16
119505,15
119515,17
119524,16
119534,17
119543,17
119554,14
119564,18
119573,18
119584,16
119593,16
119603,17
119612,16
119622,16
119631,15
119641,15
119652,13
119661,16
119670,14
119680,13
119691,18
119700,14
119710,14
119719,11
119729,15
119738,14
119749,18
119758,16
119769,17
119778,15
119787,14
119796,15
119808,14
119817,16
119826,14
119837,16
119846,13
119858,16
119869,14
119879,16
119889,15
119899,15
119908,12
119917,12
119928,15
119938,15
119947,16
119957,16
119966,15
119977,16
119987,16
119996,17
120005,16
120015,16
120025,16
120034,17
120043,16
120054,16
