213171,24
213182,25
213191,26
213200,26
213212,29
213221,29
213230,30
213240,29
213250,29
213259,28
213268,28
213278,29
213287,28
213298,26
213308,20
213317,12
213326,6
213336,3
213346,2
213355,4
213366,8
213376,10
213385,13
213394,16
213406,24
213416,24
213426,24
213435,24
213444,24
213456,24
213467,24
213479,25
213488,28
213497,28
213509,31
213520,35
213529,34
213538,34
213548,32
213559,33
213568,34
213577,34
213587,31
213597,32
213606,31
213615,30
213626,31
213638,31
213647,30
213656,29
213666,22
213676,19
213685,16
213700,13
213709,15
213720,17
213729,16
213738,19
213747,20
213757,21
213767,22
213776,20
213785,20
213795,20
213805,18
213814,17
213823,18
213833,17
213846,17
213855,18
213864,20
213874,21
213883,22
213893,23
213902,24
213912,23
213921,20
213932,24
213942,22
213951,20
213960,21
213969,23
213980,22
213989,23
214000,20
214009,17
214020,10
214030,8
214039,6
214048,7
214057,8
214068,10
214077,15
214086,16
214095,18
214106,20
214115,20
214124,21
214135,18
214145,20
214154,21
214165,18
214174,19
214185,20
214195,22
214206,23
214215,24
214226,27
214237,26
214247,24
214256,25
214265,22
214277,23
214286,22
214295,20
214305,21
214315,20
214325,20
214335,20
214344,19
214353,14
214363,9
214373,4
214388,4
214397,4
214407,5
214418,8
214427,8
214436,9
214447,10
214456,13
214465,13
214474,13
214484,14
214494,12
214503,14
214512,14
214523,14
214533,15
214543,16
214552,16
214561,18
214571,18
214581,16
214590,18
214599,20
214608,20
214619,21
214629,22
214638,23
214648,24
214659,22
214669,21
214678,21
214689,20
214699,16
214709,12
214719,7
214728,4
214737,2
214747,3
214758,6
214767,8
214777,12
214787,12
214796,15
214805,16
214815,17
214824,18
214834,19
214843,18
214852,18
214862,18
214872,18
214881,19
214890,18
214900,20
214909,20
214919,22
214928,22
214938,24
214947,23
214959,25
214968,26
214977,26
214988,29
214998,28
215007,27
215017,25
215026,26
215035,24
215045,19
215055,11
215064,5
215073,1
215083,0
215092,0
215103,4
215112,7
215122,9
215132,10
215141,11
215150,15
215160,14
215170,16
215179,17
215188,18
215198,16
215207,16
215217,16
215226,18
215238,22
215248,19
215258,22
215269,21
215278,20
215287,23
215297,24
215307,26
215316,25
215326,26
215336,26
215346,26
215357,26
215366,25
215375,22
215385,22
215395,19
215404,12
215413,2
215422,0
215434,0
215443,0
215452,0
215462,4
215472,6
215481,10
215490,11
215500,14
215513,19
215522,19
215531,16
215540,16
215550,15
215560,17
215569,14
215578,12
215588,12
215598,16
215607,16
215616,17
215626,20
215635,19
215647,22
215656,22
215665,22
215674,22
215685,23
215694,22
215703,23
215712,24
215724,25
215733,25
215742,24
215753,21
215762,13
215774,3
215785,0
215795,0
215805,0
215815,0
215824,0
215833,0
215844,2
215854,6
215863,8
215873,11
215882,12
215891,15
215901,14
215912,15
215921,14
215936,11
215945,16
215954,16
215964,18
215973,18
215983,21
215992,22
216003,24
216014,26
216024,25
216033,28
216042,28
216052,29
216061,30
216071,28
216080,28
216090,28
216099,29
216109,29
216118,24
216128,17
216137,7
216146,0
216156,0
216167,0
216176,0
216187,0
216197,2
216206,5
216216,8
216225,9
216235,10
