273039,16
273048,16
273058,17
273068,14
273077,14
273086,16
273096,15
273106,18
273116,16
273126,16
273135,16
273144,16
273154,16
273164,17
273176,16
273185,14
273195,16
273205,14
273215,16
273224,14
273234,14
273244,16
273253,15
273262,14
273273,15
273283,14
273293,14
273302,14
273314,13
273324,13
273333,15
273343,14
273353,14
273363,16
273373,16
273382,18
273391,13
273401,12
273411,14
273420,14
273429,14
273439,15
273449,17
273461,12
273470,14
273479,16
273490,14
273500,14
273510,13
273519,15
273528,15
273538,16
273548,16
273557,16
273566,17
273575,18
273586,18
273596,16
273605,16
273616,14
273628,20
273637,17
273646,16
273656,15
273666,15
273675,16
273684,16
273694,16
273703,15
273713,14
273722,15
273731,14
273741,16
273751,16
273762,15
273771,14
273782,16
273792,15
273801,14
273812,15
273821,13
273832,15
273842,15
273851,14
273862,15
273871,15
273881,13
273891,13
273900,16
273909,16
273921,14
273931,14
273941,13
273950,14
273959,17
273969,17
273980,12
273989,12
274000,14
274010,13
274019,14
274029,14
274038,13
274050,14
274059,14
274071,15
274080,14
274089,13
274101,13
274110,14
274120,13
274129,12
274139,12
274150,15
274159,16
274168,14
274178,14
274189,17
274198,17
274208,17
274217,16
274227,14
274236,17
274246,18
274256,17
274267,16
274276,15
274285,15
274294,15
274304,16
274315,17
274324,15
274334,18
274343,18
274353,16
274362,15
274372,14
274382,16
274393,15
274402,13
274411,15
274420,16
274430,14
274444,14
274453,14
274463,18
274473,13
274485,14
274494,15
274505,15
274514,17
274524,16
274534,16
274544,15
274553,16
274564,15
274573,15
274582,16
274593,14
274603,17
274618,17
274628,16
274638,13
274650,14
274659,15
274673,14
274682,16
274694,16
274703,16
274713,16
274723,17
274733,15
274742,15
274751,17
274761,17
274770,17
274782,16
274791,18
274800,17
274809,16
274820,14
274829,16
274839,15
274849,14
274863,16
274873,18
274882,18
274891,16
274904,14
274915,16
274924,12
274933,14
274945,16
274954,14
274963,13
274973,12
274982,14
274992,14
275003,13
275012,14
275021,14
275032,17
275041,15
275050,15
275059,17
275069,16
275080,16
275089,16
275099,16
275108,16
275118,15
275127,16
275137,15
275147,16
275158,16
275167,14
275176,15
275185,12
275195,12
275205,14
275214,15
275223,16
275233,15
275243,14
275252,15
275261,16
275271,14
275280,15
275290,16
275299,15
275309,15
275318,14
275328,15
275337,18
275347,14
275357,15
275366,17
275377,16
275387,17
275398,13
275407,13
275418,16
275427,16
275439,14
275448,16
275460,17
275469,15
275478,16
275489,17
275501,18
275510,17
275519,16
275530,19
275544,18
275555,15
275564,15
275573,17
275584,16
275593,16
275602,17
275613,16
275622,16
275632,15
275642,16
275651,15
275660,17
275670,17
275680,17
275689,16
275698,16
275707,16
275719,14
275728,15
275737,15
275748,16
275760,17
275769,16
275778,19
275788,18
275798,15
275813,15
275822,14
275833,15
275843,13
275854,17
275863,17
275872,16
275883,18
275892,15
275901,15
275910,15
275920,17
275931,18
275940,17
275950,16
275959,14
275971,14
275986,16
275995,16
276004,16
276015,17
276024,16
276033,16
276042,15
276054,18
276063,17
276072,16
276082,16
276091,16
276103,14
