318858,16
318867,16
318878,16
318887,14
318899,18
318908,18
318917,17
318926,14
318938,16
318947,14
318956,14
318966,12
318976,10
318985,14
318994,14
319004,13
319013,13
319023,13
319032,14
319042,13
319051,13
319060,14
319070,12
319080,15
319089,14
319098,14
319108,14
319119,16
319128,15
319138,16
319148,16
319157,15
319166,14
319176,16
319185,17
319195,14
319204,14
319214,15
319226,17
319237,15
319247,16
319256,16
319265,16
319275,14
319285,14
319294,12
319303,16
319312,13
319323,15
319332,17
319341,16
319352,16
319362,16
319371,14
319380,15
319390,14
319399,14
319409,14
319418,14
319428,12
319437,16
319447,14
319456,16
319466,16
319475,14
319484,16
319494,14
319504,18
319513,17
319522,18
319532,18
319542,17
319551,18
319560,17
319569,20
319580,19
319589,18
319599,20
319609,20
319619,20
319628,20
319637,20
319647,19
319656,16
319666,16
319675,18
319685,18
319694,18
319704,17
319713,15
319723,16
319732,15
319741,14
319753,14
319762,13
319771,14
319781,14
319791,16
319800,16
319812,16
319821,17
319832,16
319841,16
319850,17
319859,17
319870,16
319880,16
319890,15
319899,16
319908,16
319918,16
319929,16
319938,16
319947,14
319958,16
319967,16
319976,16
319985,16
319995,14
320005,15
320014,15
320023,14
320033,15
320043,13
320052,16
320063,13
320072,14
320081,14
320092,12
320101,16
320110,16
320119,16
320130,15
320139,16
320148,13
320157,15
320168,15
320178,12
320187,16
320197,16
320206,15
320216,16
320225,13
320235,17
320244,16
320256,16
320265,16
320274,15
320283,12
320293,16
320303,15
320312,17
320321,17
320331,17
320340,15
320350,15
320359,14
320370,13
320379,16
320389,14
320399,15
320408,16
320417,17
320427,16
320437,12
320446,13
320455,16
320464,15
320476,13
320485,14
320495,18
320504,17
320514,16
320523,17
320533,14
320543,16
320552,16
320563,15
320572,16
320581,14
320590,15
320601,16
320610,15
320619,16
320628,17
320638,18
320648,15
320657,20
320666,19
320676,18
320686,17
320695,20
320704,19
320717,18
320727,18
320736,17
320745,17
320755,18
320764,17
320774,17
320783,16
320793,16
320802,17
320812,17
320821,17
320830,16
320840,15
320849,13
320859,15
320868,14
320879,14
320888,15
320899,14
320908,16
320917,15
320926,14
320936,14
320946,15
320955,13
320964,15
320974,14
320985,17
320995,17
321004,15
321013,15
321022,16
321033,18
321042,16
321051,16
321060,16
321071,15
321080,17
321089,15
321098,15
321110,14
321119,14
321128,15
321138,16
321148,14
321160,16
321169,16
321178,16
321189,14
321199,14
321210,15
321219,16
321229,15
321239,16
321248,14
321257,16
321267,16
321276,15
321286,15
321295,14
321305,15
321314,16
321324,17
321333,16
321343,17
321352,16
321362,18
321373,14
321382,14
321393,16
321402,16
321412,15
321421,14
321431,15
321440,14
321451,14
321461,15
321470,14
321479,14
321488,14
321502,14
321511,15
321520,13
321529,14
321541,14
321550,14
321559,14
321569,15
321579,14
321588,15
321599,16
321610,19
321619,19
321629,18
321638,16
321648,18
321657,18
321667,18
321676,17
321686,18
321695,18
321704,17
321714,17
321723,18
321733,17
321742,14
321752,15
321761,15
321771,14
321780,15
321789,15
321801,15
321810,16
321819,14
321829,15
321839,16
321848,16
321857,16
321867,15
321876,15
321886,15
321895,16
321905,15
321914,16
321924,14
