427386,15
427396,16
427405,16
427414,15
427424,16
427433,16
427446,13
427455,16
427465,16
427474,16
427484,16
427493,16
427503,14
427512,16
427522,14
427531,15
427541,16
427550,14
427559,16
427569,16
427578,17
427591,16
427600,14
427610,14
427619,12
427629,12
427638,13
427648,16
427657,14
427667,14
427676,13
427685,15
427695,15
427705,14
427714,14
427723,18
427732,17
427743,18
427752,17
427761,16
427770,17
427780,14
427790,14
427800,17
427810,15
427820,16
427829,16
427840,18
427849,16
427858,17
427869,16
427878,14
427887,16
427896,16
427907,16
427916,16
427925,17
427934,16
427944,16
427954,15
427963,15
427972,16
427982,15
427992,15
428001,14
428010,15
428020,14
428029,14
428039,13
428048,12
428057,13
428068,13
428078,15
428089,14
428098,15
428108,14
428118,14
428127,16
428136,16
428146,16
428155,15
428165,15
428174,14
428184,14
428193,13
428203,14
428212,16
428222,15
428231,16
428240,15
428250,14
428260,13
428269,15
428278,14
428288,15
428297,13
428307,12
428316,14
428325,14
428335,16
428345,14
428354,14
428363,14
428372,15
428383,14
428392,15
428401,15
428412,16
428422,16
428431,15
428441,15
428450,17
428460,18
428469,17
428479,15
428488,16
428497,16
428507,16
428517,14
428527,16
428536,16
428547,15
428556,15
428565,15
428574,15
428584,14
428594,13
428603,15
428612,16
428622,14
428632,14
428641,14
428650,14
428660,14
428669,14
428683,14
428693,14
428702,14
428711,15
428721,13
428731,13
428740,14
428749,14
428759,14
428769,15
428778,15
428787,15
428796,15
428807,16
428817,13
428827,15
428836,15
428846,15
428855,15
428865,15
428874,14
428884,16
428895,14
428904,14
428913,13
428922,14
428933,16
428943,16
428953,17
428962,16
428972,16
428981,16
428991,14
429000,17
429009,17
429019,16
429029,16
429038,16
429047,14
429057,14
429067,12
429076,12
429085,14
429096,17
429106,16
429115,16
429124,16
429134,14
429144,15
429153,16
429162,17
429172,16
429181,14
429193,18
429202,18
429211,16
429222,14
429235,18
429244,18
429253,18
429263,16
429273,16
429282,17
429291,17
429301,16
429310,12
429321,14
429331,15
429340,17
429349,16
429359,15
429369,17
429378,17
429387,16
429396,18
429407,16
429416,16
429427,16
429436,16
429446,15
429455,14
429467,18
429477,14
429487,16
429496,14
429505,12
429516,17
429526,16
429536,16
429545,16
429554,16
429563,18
429574,17
429583,17
429592,16
429601,14
429612,15
429621,17
429630,15
429639,16
429649,17
429659,18
429668,17
429677,14
429687,14
429698,18
429709,18
429718,16
429727,17
429737,16
429747,16
429756,17
429765,18
429775,17
429785,17
429794,18
429803,18
429813,17
429822,16
429832,14
429841,17
429851,14
429863,15
429873,14
429882,14
429893,18
429902,14
429912,15
429922,18
429931,18
429940,19
429949,18
429960,17
429969,18
429978,19
429987,17
429997,16
430007,16
430017,16
430027,16
430036,14
430048,15
430057,16
430066,16
430081,16
430090,16
430099,16
430108,14
430118,13
430128,14
430137,12
430146,12
430156,10
430167,16
430176,16
430186,14
430195,17
430204,18
430214,16
430224,14
430233,16
430242,16
430252,17
430262,16
430271,15
430280,16
430289,16
430300,17
430309,14
430318,16
430327,17
430338,17
430347,15
430358,16
430367,16
430376,15
430386,15
430396,16
430405,16
430414,16
430424,15
430434,15
430443,15
430452,15
