500878,16
500888,16
500897,16
500907,16
500916,16
500926,18
500935,17
500944,16
500954,17
500964,16
500973,17
500982,16
500992,17
501003,14
501012,15
501023,15
501032,16
501042,16
501052,17
501061,16
501070,17
501080,14
501091,16
501100,16
501111,18
501129,20
501138,19
501147,18
501156,17
501167,16
501176,16
501185,16
501194,15
501204,16
501214,14
501223,17
501232,17
501242,16
501252,16
501261,16
501270,16
501279,16
501289,16
501299,16
501308,16
501317,14
501327,16
501337,16
501346,16
501355,16
501365,15
501374,14
501384,15
501393,15
501403,15
501412,14
501426,16
501436,14
501445,14
501454,12
501464,13
501474,12
501483,15
501492,12
501501,13
501512,12
501521,12
501530,12
501539,12
501550,13
501559,14
501568,14
501577,13
501587,16
501597,14
501608,15
501617,15
501626,17
501636,18
501646,16
501655,16
501665,14
501676,15
501685,14
501696,16
501705,16
501714,16
501724,16
501734,17
501743,18
501752,17
501762,17
501772,17
501781,17
501790,16
501801,15
501812,15
501822,17
501831,16
501840,14
501850,16
501860,14
501869,16
501880,19
501890,18
501899,17
501908,18
501918,17
501931,17
501940,16
501949,16
501958,15
501968,14
501982,16
501991,14
502001,14
502010,14
502020,14
502029,15
502039,15
502048,15
502057,16
502067,16
502078,15
502087,15
502097,14
502107,14
502116,14
502125,13
502136,16
502146,16
502155,16
502165,16
502174,16
502183,16
502193,17
502203,16
502212,16
502221,16
502231,17
502241,18
502250,16
502259,17
502268,16
502279,16
502288,17
502297,16
502306,17
502317,15
502326,15
502335,18
502346,18
502355,17
502365,17
502374,17
502384,17
502393,18
502403,17
502412,17
502422,17
502432,17
502443,20
502452,18
502461,17
502470,18
502480,16
502490,16
502499,16
502508,15
502518,17
502528,16
502537,16
502546,16
502557,15
502566,15
502576,14
502586,16
502595,16
502604,15
502614,14
502624,14
502633,14
502642,14
502651,14
502663,15
502672,14
502682,14
502691,13
502701,14
502710,15
502720,15
502729,13
502738,14
502750,12
502759,12
502768,11
502777,12
502788,11
502797,14
502806,13
502815,16
502825,14
502835,15
502844,15
502853,15
502863,16
502873,16
502882,16
502891,14
502901,16
502910,15
502922,18
502932,15
502942,15
502951,15
502961,16
502970,17
502979,16
502992,16
503002,17
503011,18
503020,17
503030,18
503040,17
503049,16
503058,16
503068,16
503077,17
503087,16
503096,16
503106,17
503115,17
503124,16
503136,16
503145,16
503154,16
503163,16
503174,16
503183,16
503192,15
503201,15
503212,15
503221,15
503230,16
503239,15
503249,15
503259,14
503268,16
503277,16
503288,16
503298,14
503308,16
503321,17
503330,16
503341,17
503350,16
503359,15
503368,14
503378,15
503388,15
503398,16
503408,14
503417,16
503427,15
503441,14
503450,15
503459,16
503469,16
503479,13
503488,14
503497,15
503506,13
503517,16
503526,14
503535,16
503544,16
503555,14
503565,16
503575,17
503584,17
503593,15
503603,16
503613,16
503622,17
503632,16
503643,14
503652,16
503661,15
503670,14
503681,14
503690,16
503699,16
503708,16
503718,16
503729,16
503740,17
503749,18
503759,16
503769,14
503778,17
503787,17
503797,16
503806,15
503816,14
503825,15
503835,16
503844,16
503854,15
503863,15
503872,14
503882,14
503891,13
503901,13
503912,12
503921,15
503930,14
503941,16
503950,15
