657668,0
657678,2
657687,3
657696,5
657705,8
657715,8
657725,10
657734,12
657743,13
657753,14
657763,14
657772,16
657781,16
657790,16
657801,19
657810,22
657819,23
657835,27
657845,30
657855,31
657864,32
657874,34
657884,37
657893,38
657902,40
657912,42
657923,40
657934,42
657943,42
657953,38
657963,30
657973,16
657983,11
657992,7
658001,5
658011,6
658021,6
658030,7
658039,9
658049,11
658059,14
658068,16
658077,19
658086,21
658097,20
658106,21
658115,20
658124,19
658135,19
658144,20
658153,22
658162,24
658172,26
658182,29
658192,30
658202,32
658211,36
658223,35
658232,36
658243,38
658253,40
658263,40
658273,41
658282,40
658291,41
658300,38
658311,29
658320,16
658329,6
658338,1
658349,0
658358,0
658367,0
658376,0
658386,0
658396,0
658405,0
658414,1
658424,4
658434,6
658443,9
658452,11
658461,10
658471,10
658482,13
658492,13
658501,14
658510,16
658520,18
658530,24
658539,28
658548,29
658557,32
658568,32
658577,33
658586,37
658595,37
658606,37
658615,38
658624,35
658633,36
658643,35
658653,29
658662,19
658671,11
658682,0
658694,0
658703,0
658712,0
658721,0
658732,2
658741,3
658750,5
658759,7
658768,10
658782,15
658791,14
658800,13
658809,14
658820,14
658829,14
658838,15
658847,17
658857,21
658867,24
658876,29
658887,36
658896,40
658906,42
658915,44
658925,46
658935,48
658946,47
658955,43
658966,44
658976,42
658985,42
658997,35
659006,24
659016,10
659025,2
659035,0
659044,0
659055,0
659064,0
659074,0
659084,0
659093,0
659102,1
659111,3
659122,5
659131,8
659140,9
659149,10
659160,12
659169,12
659178,14
659187,13
659197,18
659207,20
659216,22
659225,26
659235,29
659245,33
659254,33
659263,36
659273,36
659282,37
659292,36
659301,36
659310,38
659320,37
659330,36
659339,34
659350,32
659361,19
659371,8
659380,0
659389,0
659401,0
659412,0
659427,0
659436,0
659445,0
659457,0
659466,0
659477,4
659487,8
659496,10
659507,10
659516,12
659525,15
659534,13
659545,10
659554,10
659563,16
659572,18
659582,18
659592,23
659601,24
659610,26
659620,27
659630,29
659639,30
659650,33
659659,34
659668,34
659679,35
659688,32
659697,25
659708,13
659718,4
659727,0
659736,0
659746,0
659756,0
659765,0
659774,0
659784,2
659793,4
659803,7
659812,9
659822,11
659831,12
659841,10
659850,10
659860,11
659870,10
659879,10
659890,12
659899,11
659908,14
659917,17
659928,21
659937,25
659946,28
659957,31
659966,33
659976,33
659986,35
659996,33
660005,34
660016,38
660026,38
660036,37
660045,28
660055,17
660064,8
660074,2
660083,0
660092,0
660102,0
660112,0
660121,0
660130,0
660140,2
660154,6
660163,7
660172,10
660182,10
660192,12
660201,11
660210,10
660219,13
660230,12
660239,16
660248,18
660257,20
660268,20
660277,23
660286,26
660295,28
660305,31
660315,34
660324,35
660333,37
660343,38
660353,38
660362,40
660371,42
660381,42
660390,43
660402,43
660412,32
660423,22
660432,12
660442,7
660452,4
660461,2
660472,4
660482,5
660491,6
660502,5
660511,6
660520,7
660530,12
660540,12
660549,13
660558,14
660568,15
660578,14
660591,14
660600,17
660611,19
660620,20
660629,22
660638,26
660648,29
660658,31
660667,32
660679,39
660688,36
660699,38
660708,40
660717,40
660728,40
