18711,35
18720,36
18729,32
18739,33
18750,32
18759,33
18769,35
18779,35
18788,37
18797,36
18806,33
18818,27
18827,13
18838,1
18849,0
18860,0
18871,0
18882,0
18891,0
18902,0
18914,0
18925,0
18934,0
18945,0
18955,4
18966,7
18977,10
18987,12
18996,11
19005,11
19016,13
19027,13
19040,9
19049,11
19058,12
19069,14
19080,18
19090,18
19100,21
19110,22
19120,23
19129,25
19138,27
19147,29
19158,35
19167,38
19176,40
19185,42
19195,43
19205,43
19214,44
19228,46
19238,46
19248,43
19259,35
19268,25
19279,8
19291,0
19301,0
19311,0
19320,0
19330,0
19341,0
19351,0
19362,0
19374,0
19387,2
19398,0
19407,0
19417,0
19426,2
19437,5
19448,5
19458,12
19473,13
19482,15
19494,16
19505,18
19515,23
19524,26
19534,28
19544,31
19553,32
19562,34
19572,38
19581,38
19591,40
19600,42
19610,41
19619,41
19629,40
19638,41
19650,45
19662,42
19673,37
19683,26
19698,7
19708,0
19718,0
19729,0
19739,0
19750,0
19761,0
19772,0
19783,0
19793,0
19805,4
19814,10
19825,14
19834,16
19846,17
19858,16
19867,16
19876,20
19888,21
19897,22
19907,22
19916,24
19926,25
19935,27
19944,30
19954,33
19963,32
19973,34
19982,36
19994,40
20005,39
20017,39
20026,39
20035,40
20049,40
20062,41
20071,42
20082,45
20091,45
20101,45
20110,39
20120,30
20129,19
20139,5
20148,0
20159,0
20168,1
20183,0
20192,0
20203,0
20213,0
20222,0
20234,0
20243,2
20255,4
20268,9
20279,11
20288,12
20298,16
20311,16
20320,16
20329,16
20338,16
20348,19
20358,21
20369,23
20378,24
20387,27
20397,29
20408,32
20417,33
20426,34
20436,34
20446,35
20455,33
20466,35
20475,35
20487,36
20497,37
20506,39
20517,38
20533,40
20543,40
20553,36
20562,28
20573,18
20583,5
20594,0
20605,0
20619,0
20628,0
20639,0
20651,0
20661,0
20672,0
20687,0
20697,4
20706,8
20716,10
20725,12
20734,14
20744,16
20754,15
20763,16
20772,16
20782,17
20792,17
20801,19
20810,19
20819,20
20830,21
20839,20
20848,21
20857,24
20867,26
20878,28
20887,30
20898,31
20908,34
20917,36
20928,38
20937,39
20947,38
20958,39
20969,40
20978,41
20987,42
20998,42
21010,38
21020,31
21032,20
21043,10
21052,1
21061,0
21070,0
21082,0
21091,0
21100,0
21111,0
21123,0
21132,0
21141,3
21150,6
21160,11
21170,14
21182,16
21191,16
21202,16
21213,22
21226,19
21235,18
21248,18
21257,19
21268,20
21278,21
21289,23
21299,25
21313,28
21323,28
21335,31
21344,33
21354,35
21367,32
21377,32
21389,34
21400,32
21409,31
21420,32
21430,32
21439,33
21450,30
21459,26
21470,20
21479,12
21488,4
21497,0
21507,0
21517,0
21526,0
21535,0
21548,0
21557,0
21567,1
21577,4
21586,9
21598,14
21607,16
21617,17
21627,19
21638,20
21647,20
21656,20
21665,21
21675,22
21685,20
21694,23
21703,23
21715,23
21725,25
21735,26
21744,26
21753,29
21765,30
21774,30
21785,32
21794,32
