874377,16
874386,15
874396,15
874405,13
874415,15
874426,14
874437,14
874446,14
874456,15
874465,16
874475,14
874484,16
874493,15
874503,18
874513,15
874522,15
874532,17
874543,15
874552,15
874563,18
874572,15
874582,15
874591,14
874601,16
874610,13
874619,15
874629,14
874639,16
874648,16
874657,14
874669,15
874678,15
874687,15
874696,15
874707,14
874717,16
874727,15
874736,17
874745,17
874755,15
874766,14
874775,15
874785,16
874795,16
874804,13
874813,14
874823,13
874832,12
874842,16
874851,16
874860,14
874870,13
874880,16
874889,15
874898,16
874908,16
874918,16
874929,17
874938,15
874947,13
874958,16
874969,14
874979,14
874988,14
874997,15
875009,14
875020,16
875029,16
875038,16
875047,15
875058,16
875067,14
875076,16
875085,16
875096,15
875105,16
875115,16
875125,15
875134,15
875146,15
875156,16
875166,14
875175,16
875185,16
875194,15
875204,16
875213,15
875223,15
875232,17
875241,14
875251,14
875260,15
875270,16
875279,15
875289,14
875298,14
875308,15
875319,18
875328,14
875339,16
875350,16
875361,13
875370,13
875381,14
875390,14
875403,14
875413,15
875422,16
875431,14
875441,14
875452,17
875461,16
875471,15
875482,15
875491,15
875501,14
875510,14
875522,16
875531,14
875540,15
875549,15
875559,15
875569,15
875578,14
875587,14
875597,15
875607,16
875616,16
875625,14
875635,16
875644,14
875654,14
875663,14
875673,12
875682,18
875692,14
875701,15
875711,15
875720,14
875729,16
875739,16
875749,14
875759,16
875770,16
875782,16
875791,16
875800,14
875809,16
875820,18
875830,14
875839,14
875849,14
875858,15
875868,15
875877,16
875888,14
875897,15
875908,15
875917,14
875926,16
875935,13
875945,16
875955,17
875964,18
875973,17
875984,14
875994,15
876003,15
876013,15
876023,16
876034,15
876043,15
876052,13
876061,14
876071,14
876081,14
876090,13
876099,14
876110,15
876120,14
876129,14
876139,15
876149,16
876160,16
876169,17
876178,15
876187,16
876198,16
876208,16
876218,13
876228,16
876237,15
876248,14
876257,14
876266,16
876275,14
876285,15
876295,14
876304,16
876313,16
876323,16
876333,14
876342,14
876351,16
876361,14
876370,14
876382,15
876391,14
876400,15
876409,15
876420,14
876429,16
876438,13
876447,15
876457,16
876467,14
876476,16
876485,13
876496,12
876508,15
876517,16
876526,15
876537,14
876547,14
876556,15
876566,14
876575,16
876584,15
876594,15
876604,13
876614,14
876625,15
876635,16
876644,14
876654,16
876663,16
876673,15
876682,15
876693,17
876704,14
876715,15
876725,15
876734,15
876744,16
876755,18
876765,17
876775,17
876785,16
876795,18
876805,16
876814,14
876823,15
876833,14
876843,15
876852,15
876861,14
876872,15
876881,16
876891,16
876901,14
876910,16
876921,16
876931,14
876940,12
876949,15
876959,15
876968,12
876979,14
876989,14
876998,13
877007,14
877017,14
877027,16
877036,11
877045,14
877054,15
877065,17
877074,16
877085,17
877095,16
877106,18
877115,19
877124,16
877133,17
877144,16
877153,16
877162,16
877171,14
877181,16
877192,16
877201,15
877211,14
877220,15
877232,15
877242,16
877252,16
877261,16
877271,15
877282,14
877292,15
877302,15
877312,15
877321,14
877330,14
877341,15
877350,13
877360,14
877370,14
877379,14
877388,14
877398,14
877408,16
877417,16
877426,14
877435,14
877446,14
