909788,14
909797,15
909808,14
909817,16
909827,17
909838,16
909851,14
909861,16
909871,14
909880,15
909892,14
909907,17
909918,14
909927,14
909936,14
909945,15
909956,14
909965,12
909974,14
909983,15
909995,14
910004,13
910014,14
910023,15
910032,14
910047,12
910056,14
910065,16
910074,16
910085,15
910094,15
910103,16
910112,13
910123,14
910133,16
910144,13
910153,14
910162,15
910173,14
910182,14
910191,14
910200,14
910212,16
910221,15
910232,16
910243,15
910253,16
910262,15
910271,15
910281,15
910290,13
910300,14
910309,16
910319,15
910328,15
910338,14
910347,15
910358,15
910369,15
910379,15
910390,18
910399,15
910408,14
910417,15
910428,15
910437,16
910446,14
910455,15
910466,15
910476,16
910487,15
910498,13
910508,14
910518,15
910529,16
910538,16
910550,15
910559,17
910570,13
910581,13
910590,14
910600,14
910609,14
910620,14
910629,15
910640,14
910650,16
910659,14
910669,13
910680,14
910690,16
910699,14
910708,14
910717,14
910729,14
910738,14
910748,15
910757,12
910767,12
910779,14
910788,16
910798,14
910809,14
910819,14
910828,15
910837,14
910846,14
910856,14
910866,14
910875,14
910887,14
910897,16
910907,16
910919,16
910928,15
910938,15
910947,14
910957,15
910966,14
910976,14
910985,15
910995,15
911004,14
911013,13
911031,13
911040,14
911051,13
911062,14
911072,14
911081,13
911090,15
911099,15
911110,15
911122,15
911134,13
911144,15
911157,14
911167,14
911176,14
911185,16
911195,16
911205,14
911215,15
911226,14
911236,15
911246,14
911256,14
911267,13
911277,14
911286,12
911297,15
911306,16
911318,14
911327,15
911336,15
911346,15
911355,12
911365,14
911376,14
911385,13
911394,16
911405,16
911414,15
911423,17
911432,14
911442,15
911455,14
911464,15
911473,15
911482,15
911494,16
911503,16
911513,16
911522,16
911533,16
911544,14
911553,16
911563,14
911572,16
911584,18
911593,16
911602,13
911611,17
911622,14
911632,17
911643,14
911654,15
911664,16
911673,16
911682,14
911693,16
911703,15
911712,14
911722,15
911731,15
911745,16
911755,17
911765,14
911776,15
911785,14
911797,13
911806,14
911815,15
911825,16
911838,13
911847,14
911856,15
911867,16
911877,16
911886,15
911896,14
911905,16
911915,16
911924,15
911934,15
911943,16
911955,14
911965,14
911976,15
911985,13
911994,15
912005,16
912015,14
912026,17
912035,17
912047,15
912056,16
912065,13
912075,17
912084,14
912094,16
912105,13
912114,12
912123,15
912134,14
912143,15
912152,14
912161,16
912172,15
912184,16
912193,15
912202,15
912214,17
912225,17
912234,15
912244,15
912258,14
912267,14
912276,15
912285,15
912295,14
912305,13
912314,14
912325,14
912334,14
912344,14
912353,14
912363,14
912375,17
912385,14
912394,14
912403,13
912413,14
912425,14
912436,14
912446,14
912455,15
912464,14
912476,14
912485,16
912494,15
912504,15
912514,16
912523,16
912534,16
912543,14
912552,15
912563,15
912573,15
912582,15
912592,15
912602,15
912611,16
912620,14
912630,14
912641,14
912651,14
912661,16
912671,14
912680,16
912690,17
912699,14
912709,14
912718,14
912729,17
912739,15
912748,15
912757,15
912769,16
912778,14
912787,15
912797,14
912807,14
912818,15
912828,14
912837,14
912847,12
912857,15
