14731,0
14740,0
14749,0
14760,0
14770,0
14780,0
14789,0
14798,0
14808,0
14817,0
14827,0
14836,0
14852,0
14861,0
14872,0
14881,0
14891,0
14901,0
14911,0
14920,0
14930,0
14940,0
14949,0
14958,0
14968,0
14978,0
14987,0
14998,0
15011,0
15021,0
15031,0
15041,0
15050,0
15060,0
15070,0
15079,0
15088,0
15098,0
15108,0
15120,0
15129,0
15138,0
15148,0
15159,0
15168,0
15178,0
15191,0
15200,0
15209,0
15218,0
15227,0
15238,0
15247,0
15256,0
15265,0
15276,0
15285,0
15294,0
15303,0
15312,0
15323,0
15332,0
15341,0
15350,0
15361,0
15370,0
15379,0
15390,0
15399,0
15409,0
15418,0
15428,0
15437,0
15447,0
15456,0
15465,0
15475,0
15484,0
15494,0
15503,0
15514,0
15523,0
15533,0
15543,0
15552,0
15561,0
15570,0
15580,0
15590,0
15606,9
15617,15
15626,28
15635,52
15644,95
15653,153
15664,227
15673,304
15682,367
15691,398
15702,422
15711,462
15720,542
15731,661
15740,749
15750,749
15760,749
15770,749
15780,749
15790,749
15799,749
15810,747
15819,748
15828,749
15838,749
15848,749
15857,749
15866,748
15876,749
15886,749
15895,749
15904,748
15913,749
15925,749
15934,749
15944,749
15954,749
15964,749
15974,749
15983,749
15994,748
16004,722
16013,682
16022,646
16032,609
16041,574
16051,543
16060,513
16070,482
16079,452
16089,418
16098,387
16112,345
16121,323
16131,304
16141,288
16150,272
16159,260
16168,248
16179,237
16188,227
16197,216
16206,208
16217,197
16226,187
16235,178
16244,169
16253,158
16264,149
16273,142
16282,136
16291,130
16302,126
16311,121
16320,116
16329,114
16339,109
16350,106
16360,102
16369,98
16378,94
16390,91
16400,88
16410,85
16419,82
16429,79
16438,76
16448,74
16457,73
16466,72
16476,71
16486,69
16496,70
16505,68
16516,61
16525,52
16534,40
16543,32
16553,27
16563,24
16572,23
16581,23
16591,24
16601,27
16610,27
16619,29
16630,30
16642,33
16651,35
16661,34
16671,33
16680,31
16692,29
16702,29
16711,28
16721,27
16731,28
16740,28
16749,30
16759,32
16769,33
16778,35
16787,35
16797,38
16806,37
16816,36
16825,34
16835,36
16844,34
16854,34
16863,34
16872,32
16882,30
16891,27
16903,19
16912,12
16921,6
16930,2
16941,1
16950,1
16959,3
16968,8
16977,9
16989,10
16998,12
17008,16
17017,18
17027,18
17036,19
17047,19
17060,18
17072,17
17083,15
17092,15
17101,20
17111,25
17121,27
17130,30
17139,31
17150,32
17160,34
17169,33
17178,34
17188,37
17198,37
17207,36
17216,38
17226,37
17236,38
17248,38
17257,36
17266,34
17276,29
17287,19
17298,11
17307,5
17316,2
17333,3
17342,6
17351,9
17360,12
17370,14
17380,17
17389,18
17398,19
17408,19
17418,20
17427,19
17436,18
17445,17
17456,16
17465,16
17474,18
17483,17
17494,19
17503,22
17512,22
17521,24
17530,24
17541,24
17550,26
17559,26
17568,26
17579,26
17588,26
17597,27
17606,26
17616,26
17626,26
17635,24
17646,24
17656,23
17667,19
17677,7
17686,0
17696,0
17705,0
17717,0
17726,0
17735,0
17746,0
17757,2
17766,4
17776,6
17785,8
17795,10
17806,12
17815,11
17824,10
17835,9
17844,9
17853,9
17862,9
17871,9
17882,11
17891,12
17900,13
17909,18
17920,19
17929,20
17938,20
17947,21
17956,22
17967,24
17980,26
17989,26
18000,21
18010,22
18020,22
18029,22
18038,22
18048,22
18059,25
18068,22
18077,16
18087,9
18097,0
18106,0
18115,0
18125,0
18135,0
18144,0
18155,0
18164,2
18173,6
18183,8
18192,12
18202,15
18211,15
18221,16
18230,15
18240,15
18249,14
18258,13
18268,12
18279,14
18288,12
18297,14
18308,16
18317,17
18330,18
18340,20
18350,21
18361,26
18370,27
18379,28
18388,30
18400,26
18409,26
18418,26
18428,26
18438,28
18449,32
18458,32
18467,32
18477,30
18486,25
18496,18
18505,12
18516,7
18526,5
18535,5
18544,8
18553,10
18564,13
18573,15
18582,17
18591,20
18601,21
18611,22
18620,23
18629,20
18639,18
18649,16
18658,16
18667,14
18677,14
18690,15
18699,16
18708,16
18717,17
18727,17
18737,16
18747,17
18757,18
18766,18
18776,16
18787,17
18796,16
18807,18
18818,21
18828,20
18837,18
18846,14
18855,8
18866,0
18876,0
18885,0
18895,0
18906,0
18915,0
18926,0
18935,2
18946,4
18955,6
18964,7
18973,8
18982,10
18993,12
19002,10
19013,7
19022,8
19033,7
19043,8
19052,8
19063,8
19073,11
19082,12
19091,14
19100,15
19110,16
19120,18
19129,20
19138,20
19148,20
19158,20
19167,19
19176,20
19186,21
19195,21
19205,21
19214,22
19223,19
19233,14
19247,4
19256,0
19266,0
19275,0
19284,0
19294,0
19304,0
19314,0
19323,2
19334,6
19343,7
19352,10
19361,11
19373,11
19382,11
19391,11
19401,11
19410,11
19420,11
19429,12
19439,14
19448,17
19458,16
19467,18
19477,20
19486,22
19496,24
19507,24
19516,24
19527,28
19536,27
19546,25
19560,28
19570,26
19579,27
19591,25
19600,26
19611,26
19620,27
19630,24
19640,17
19649,8
19660,0
19670,0
19679,0
19688,0
19697,0
19707,0
19718,1
19729,6
19740,10
19749,11
19759,13
19768,16
19779,13
19788,12
19798,9
19808,5
19817,4
19826,4
19835,4
19846,6
19856,9
19865,12
19875,14
19885,16
19894,16
19903,18
19914,20
19923,20
19935,24
19944,24
19953,22
19963,25
19973,25
19982,26
19991,25
20001,24
20011,26
20020,25
20029,26
20038,27
20048,27
20058,26
20067,24
20076,19
20086,11
20096,6
20105,2
20114,2
20124,2
20133,5
20144,10
20155,14
20164,15
20174,16
20184,20
20193,21
20202,21
20211,22
20221,22
20232,21
20242,19
20251,18
20260,16
20270,16
20280,18
20289,19
20298,20
20307,22
20317,24
20328,25
20337,27
20347,29
20357,28
20366,27
20375,29
20385,30
20395,30
20404,31
20415,30
20424,28
20433,26
20443,28
20453,28
20462,29
20471,30
20481,31
20491,29
20500,28
20509,24
20518,15
20528,13
20538,10
20547,8
20556,10
20568,13
20577,17
20586,16
20596,20
20605,22
20615,22
20624,24
20633,26
20643,25
20653,24
20662,23
20671,23
20681,21
20690,22
20700,22
20709,27
20719,26
20728,28
20738,27
20747,28
20757,26
20766,28
20775,28
20785,29
20794,30
20805,32
20814,26
20825,30
20834,29
20843,29
20852,30
20862,29
20872,33
20882,34
20892,32
20901,27
20911,21
20920,17
20930,14
20940,15
20950,15
20960,16
20969,21
20978,23
20987,26
20998,27
21007,28
21016,28
21025,30
21036,28
21045,25
21055,22
21065,21
21074,20
21084,22
21093,22
21103,23
21112,22
21122,24
21131,24
21141,24
21151,25
21160,26
21171,26
21180,28
21189,28
21198,27
21209,28
21218,28
21227,29
21236,30
21246,31
21256,32
21266,32
21280,30
21289,28
21299,28
21309,26
21321,18
21330,12
21340,8
21349,6
21359,6
21368,6
21378,11
21387,14
21397,16
21407,18
21419,19
21428,19
21442,23
21451,23
21460,22
21470,22
21480,20
21489,20
21498,18
21508,18
21518,20
21527,20
21537,20
21548,20
21557,22
21566,22
21575,22
21585,24
21595,25
21604,24
21613,25
21623,27
21634,25
21645,27
21654,28
21663,29
21675,28
21684,30
21693,30
21703,28
21712,28
21722,28
21731,28
21741,29
21750,25
21761,18
21771,12
21780,10
21789,8
21798,7
21809,9
21818,10
21827,15
21836,15
21851,19
21860,18
21869,20
21879,19
21890,20
21899,20
21909,20
21918,18
21927,18
21939,16
21948,17
21957,18
21966,19
21977,21
21986,24
21995,23
22004,23
22014,22
22024,24
22033,24
22042,25
22052,24
22062,25
22071,26
22080,26
22090,26
22100,26
22110,27
22120,25
22129,26
22138,23
22148,25
22158,25
22167,20
22176,15
22185,10
22197,4
22206,2
22215,4
22225,7
22235,10
22244,12
22253,15
22264,15
22274,17
22283,18
22293,19
22302,20
22311,21
22321,20
22331,18
22340,18
22349,16
22359,14
22370,14
22379,15
22390,17
22400,18
22409,18
22420,20
22429,20
22438,19
22449,20
22458,19
22467,18
22476,21
22487,21
22496,21
22507,20
22516,18
22525,19
22535,19
22544,19
22554,19
22563,20
22573,20
22582,20
22593,18
22602,13
22612,8
22622,5
22631,0
22640,0
22651,3
22661,5
22670,9
22679,11
22689,14
22699,16
22708,18
22717,19
22728,21
22737,19
22748,19
22764,18
22773,17
22784,17
22793,16
22802,17
22811,20
22821,20
22831,22
22840,21
22849,23
22858,23
22868,24
22878,24
22887,21
22896,23
22906,24
22916,26
22925,25
22934,24
22944,25
22953,25
22963,24
22972,25
22982,27
22991,25
23001,25
23010,24
23019,23
23029,18
23038,12
23048,6
23057,3
23067,2
23076,2
23087,4
23097,8
23106,10
23117,12
23127,14
23136,15
23145,18
23155,18
23164,18
23174,15
23183,16
23194,16
23203,14
23213,14
23223,16
23232,18
23241,16
23250,17
23261,18
23271,20
23280,19
23290,19
23300,19
23309,18
23318,19
23328,20
23337,20
23347,20
23356,21
23366,22
23375,21
23385,22
23396,22
23405,23
23414,24
23424,24
23434,23
23444,25
23453,26
23463,24
23473,22
23484,13
23494,4
23503,0
23514,0
23523,0
23534,0
23543,0
23553,0
23564,0
23573,0
23582,0
23593,2
23603,9
23612,12
23623,12
23632,10
23642,10
23652,6
23661,7
23670,9
23680,11
23689,12
23699,15
23708,17
23717,19
23727,22
23737,22
23746,23
23755,25
23764,26
23775,25
23785,26
23794,26
23804,26
23817,26
23826,28
23835,29
23844,28
23855,30
23864,30
23873,30
23884,26
23895,20
23905,14
23914,9
23925,6
23934,5
23944,6
23955,6
23964,9
23973,12
23986,13
23995,12
24006,15
24015,16
24026,16
24035,14
24044,12
24053,10
24062,11
24073,11
24082,12
24091,11
24100,12
24111,14
24120,15
24129,14
24138,16
24148,18
24158,18
24167,18
24176,20
24188,22
24199,22
24208,21
24217,22
24226,23
24237,24
24247,23
24256,25
24266,26
24276,23
24288,25
24299,24
24309,21
24320,15
24329,8
24338,2
24347,0
24356,1
24367,2
24377,5
24386,6
24396,10
24407,11
24417,11
24426,12
24435,10
24444,10
24455,9
24465,6
24479,6
24488,4
24498,4
24507,4
24517,4
24526,6
24536,7
24545,10
24554,12
24564,13
24574,13
24585,14
24595,14
24604,13
24614,16
24624,18
24633,20
24644,20
24653,26
24663,28
24673,31
24688,30
24697,31
24707,27
24716,21
24726,14
24735,8
24744,5
24756,2
24766,2
24777,6
24786,9
24796,13
24806,14
24815,21
24824,16
24834,16
24844,6
24853,0
24862,0
24871,0
24882,0
24892,0
24901,0
24911,0
24921,0
24930,0
24939,0
24948,0
24958,0
24968,0
24977,0
24986,0
24996,0
25006,0
25015,0
25024,0
25033,0
25043,0
25053,0
25062,0
25071,0
25081,0
25091,96
25100,174
25109,230
25119,269
25128,298
25138,317
25147,334
25157,342
25166,347
25176,348
25185,350
25196,351
25205,353
25214,356
25225,362
25234,368
25245,377
25254,377
25264,371
25273,364
25283,353
25292,342
25302,330
25311,318
25321,303
25330,294
25339,282
25349,271
25363,253
25372,242
25381,231
25392,220
25401,208
25410,196
25419,183
25430,173
25439,161
25448,147
25457,132
25467,116
25477,102
25486,93
25495,86
25504,82
25515,76
25524,71
25533,66
25544,60
25553,40
25563,0
25573,0
25582,0
25591,0
25601,0
25610,0
25620,0
25629,0
25638,0
25650,0
25659,0
25668,0
25677,0
25688,8
25697,248
25707,519
25717,689
25726,747
25738,749
25747,749
25756,749
25765,749
25777,749
25786,749
25796,749
25805,749
25815,749
25824,749
25834,749
25843,749
25852,749
25862,749
25872,749
25881,720
25890,691
25900,665
25909,642
25919,624
25928,621
25937,623
25947,624
25958,620
25967,608
25977,590
25987,567
25998,535
26007,507
26016,478
26025,452
26036,426
26045,404
26054,384
26063,371
26074,359
26083,350
26092,359
26101,400
26112,465
26121,540
26130,595
26139,614
26149,561
26159,472
26168,380
26177,294
26186,229
26196,180
26206,144
26215,112
26224,88
26234,69
26244,54
26253,41
26262,34
26272,28
26281,24
26293,25
26302,25
26311,28
26320,33
26330,41
26340,50
26349,58
26358,64
26368,67
26378,68
26387,71
26398,72
26407,73
26417,74
26426,72
26435,74
26445,74
26455,73
26464,72
26473,74
26483,70
26492,72
26502,74
26513,72
26522,69
26531,65
26543,65
26552,65
26561,64
26571,62
26582,58
26592,57
26601,52
26610,52
26619,44
26629,34
26639,27
26648,20
26657,16
26667,11
26677,7
26686,5
26695,7
26704,9
26715,9
26724,10
26733,10
26742,9
26752,6
26762,3
26771,2
26780,2
26791,3
26801,4
26812,7
26821,8
26834,8
26845,11
26854,16
26863,17
26872,17
26882,19
26892,22
26901,24
26912,24
26921,25
26931,29
26940,32
26951,38
26960,39
26970,40
26980,42
26989,40
26998,40
27008,44
27018,45
27027,43
27036,41
27045,36
27056,32
27065,30
27074,30
27085,32
27095,33
27104,34
27113,38
27132,45
27142,47
27151,48
27160,46
27169,43
27180,39
27189,36
27198,38
27207,38
27217,37
27227,35
27236,35
27247,33
27256,33
27266,33
27275,32
27285,34
27294,36
27303,38
27313,42
27323,45
27332,47
27341,46
27351,46
27361,49
27370,46
27379,46
27388,42
27398,34
27409,26
27418,26
27428,24
27438,22
27447,24
27456,23
27466,24
27475,22
27485,20
27494,20
27503,22
27513,23
27523,24
27532,26
27541,25
27552,22
27561,22
27572,21
27581,22
27591,22
27601,23
27612,22
27622,23
27632,21
27641,22
27655,22
27664,21
27673,21
27682,22
27692,24
27702,26
27711,26
27720,28
27729,23
27741,17
27750,11
27762,10
27772,11
27782,11
27793,12
27802,17
27811,21
27821,22
27830,23
27840,26
27849,27
27858,26
27868,25
27878,24
27887,20
27896,18
27906,16
27916,16
27925,17
27934,18
27945,20
27955,24
27964,30
27973,33
27983,31
27993,32
28002,31
28011,30
28022,28
28032,29
28041,28
28054,28
28063,27
28072,21
28082,12
28093,6
28102,1
28111,1
28122,3
28131,7
28140,12
28151,18
28165,25
28174,30
28184,34
28193,37
28203,39
28212,40
28222,40
28231,38
28240,35
28250,33
28259,30
28269,25
28278,24
28288,22
28297,21
28307,21
28316,24
28325,26
28335,30
28345,31
28354,34
28363,38
28372,40
28383,42
28392,44
28402,48
28412,48
28422,52
28431,48
28440,39
28450,31
28460,23
28469,18
28478,14
28488,12
28497,12
28507,14
28518,17
28527,20
28536,24
28546,27
28557,31
28566,32
28575,34
28585,36
28596,38
28607,38
28616,37
28627,36
28637,33
28646,33
28656,34
28665,35
28675,34
28684,34
28694,34
28703,33
28713,30
28724,31
28733,30
28742,30
28751,29
28762,28
28771,24
28780,16
28789,9
28800,4
28809,3
28818,3
28830,10
28839,11
28850,16
28859,15
28868,20
28877,21
28887,23
28897,24
28907,28
28917,25
28926,25
28937,22
28947,21
28956,23
28965,22
28975,24
28985,26
28994,31
29003,32
29012,35
29023,35
29032,38
29041,38
29050,40
29061,42
29070,42
29079,42
29088,42
29097,41
29108,40
29117,38
29126,36
29135,35
29146,31
29155,22
29166,12
29176,3
29186,0
29196,0
29205,1
29214,2
29223,5
29234,7
29243,9
29252,12
29261,14
29271,18
29282,20
29291,20
29302,21
29312,20
29321,18
29331,20
29340,20
29349,21
29359,22
29369,22
29378,24
29387,26
29399,29
29408,33
29417,34
29426,36
29436,36
29446,36
29455,35
29464,36
29474,35
29485,36
29495,36
29504,36
29514,35
29524,34
29534,32
29543,28
29552,20
29562,13
29573,8
29582,6
29592,6
29601,6
29611,9
29620,10
29630,13
29639,16
29648,18
29658,20
29669,26
29678,24
29689,26
29699,24
29708,24
29718,23
29727,22
29736,22
29746,23
29755,26
29765,26
29774,28
29784,30
29793,31
29803,32
29812,31
29821,34
29831,32
29842,35
29851,36
29862,36
29872,37
29881,37
29891,35
29900,36
29910,35
29919,35
29929,35
29938,34
29947,34
29959,37
29968,36
29979,37
29988,37
29998,33
30007,24
30017,17
30026,11
30035,8
30047,7
30056,8
30066,13
30076,14
30089,20
30098,20
30107,22
30117,23
30128,22
30137,22
30147,20
30156,21
30166,22
30175,18
30185,19
30194,19
30203,21
30213,21
30223,23
30232,23
30241,26
30251,26
30262,28
30271,29
30280,29
30291,28
30301,28
30310,28
30320,29
30329,31
30339,31
30348,34
30358,30
30367,32
30376,32
30386,31
30396,33
30405,34
30414,36
30424,36
30434,37
30443,36
30452,37
30461,36
30471,34
30481,28
30490,21
30501,14
30511,10
30521,11
30531,10
30540,13
30550,15
30559,16
30569,18
30578,20
30587,23
30597,25
30607,25
30616,25
30625,25
30635,24
30645,23
30654,20
30663,21
30672,21
30682,20
30692,20
30701,21
30710,23
30720,23
30730,24
30739,24
30748,25
30759,24
30770,26
30780,26
30789,26
30798,26
30810,26
30819,24
30828,25
30837,26
30848,27
30857,28
30866,24
30875,20
30885,13
30895,7
30906,1
30915,2
30924,4
30934,6
30943,8
30953,12
30962,14
30971,15
30981,18
30991,18
31000,20
31009,20
31019,22
31028,20
31038,20
31048,20
31058,20
31068,20
31077,20
31086,23
31096,26
31106,26
31115,23
31124,22
31133,18
31143,19
31154,22
31164,23
31173,23
31182,23
31192,23
31202,25
31211,25
31220,25
31229,27
31239,28
31249,27
31258,24
31269,17
31279,7
31288,2
31297,0
31308,0
31318,0
31327,2
31337,6
31346,8
