58268,6
58278,10
58288,13
58297,14
58306,14
58317,11
58327,9
58336,6
58346,6
58355,8
58364,11
58374,13
58383,13
58393,16
58402,20
58414,25
58423,30
58432,34
58441,36
58451,40
58461,43
58470,44
58479,44
58488,47
58500,46
58511,48
58523,48
58532,46
58545,47
58554,46
58564,48
58573,49
58585,49
58594,50
58603,39
58612,22
58624,5
58633,0
58642,0
58652,0
58661,0
58671,0
58680,0
58689,4
58699,10
58708,14
58718,18
58727,21
58737,20
58746,22
58756,20
58765,16
58775,13
58784,10
58793,9
58803,9
58812,12
58822,16
58831,19
58841,21
58850,26
58860,28
58869,31
58883,36
58893,35
58902,36
58911,39
58920,40
58932,41
58941,42
58950,43
58960,43
58970,44
58979,44
58988,43
58998,35
59008,22
59017,4
59032,0
59043,0
59053,0
59062,0
59072,0
59081,0
59090,0
59100,0
59109,0
59119,0
59128,5
59138,9
59147,11
59157,12
59166,9
59176,5
59194,3
59203,4
59212,6
59223,9
59232,13
59243,21
59252,26
59261,30
59271,34
59280,40
59290,42
59299,45
59309,47
59318,48
59328,48
59340,48
59350,49
59359,48
59368,48
59378,48
59387,48
59397,47
59406,42
59416,29
59425,12
59435,0
59444,0
59454,0
59463,0
59472,0
59485,0
59494,0
59503,0
59513,0
59523,0
59532,4
59541,9
59551,12
59560,14
59570,12
59579,8
59589,6
59598,6
59608,6
59621,6
59631,8
59640,11
59652,16
59661,20
59670,25
59679,29
59691,32
59700,38
59709,41
59720,45
59729,44
59740,46
59749,45
59759,46
59769,45
59783,45
59792,45
59802,44
59811,32
59821,18
59830,2
59840,0
59849,0
59858,0
59868,0
59877,0
59887,0
59896,0
59906,0
59915,0
59925,3
59935,6
59944,10
59955,11
59964,10
59973,8
59982,8
59993,6
60002,4
60011,5
60020,7
60029,10
60040,14
60049,17
60058,21
60067,27
60078,31
60088,36
60099,38
60111,44
60121,44
60130,44
60140,44
60149,46
60158,46
60168,46
60178,46
60187,46
60196,43
60206,32
60217,13
60226,0
60235,0
60246,0
60256,0
60266,0
60275,0
60284,0
60294,0
60303,3
60313,9
60322,15
60332,19
60341,21
60353,22
60363,20
60372,18
60382,15
60391,14
60401,14
60410,16
60420,17
60429,20
60439,23
60448,28
60459,32
60469,34
60479,40
60489,44
60498,44
60508,46
60517,48
60526,49
60536,47
60546,48
60557,50
60567,49
60576,44
60590,28
60600,13
60609,0
60619,0
60628,0
60638,0
60649,0
60658,0
60667,0
60677,0
60687,0
60696,4
60706,8
60717,11
60726,17
60735,15
60744,14
60754,12
60764,10
60773,7
60782,6
60792,6
60802,8
60811,8
60820,10
60829,14
60839,17
60849,21
60858,24
60867,29
60878,34
60888,36
60899,40
60908,42
60917,43
60928,44
60938,44
60948,45
60957,40
60966,30
60976,16
60985,0
60996,0
61005,0
61017,0
61026,0
61035,0
61045,0
61054,0
61064,0
61073,2
61084,7
61093,10
61103,12
61113,12
61122,11
61131,8
61140,6
61151,5
61161,4
61170,6
61180,7
61190,9
61200,10
61210,14
61220,18
61231,21
61240,24
61249,28
61258,31
61268,34
61278,36
61287,35
61296,34
61305,34
61316,35
61325,34
61334,34
61343,33
