157756,14
157768,17
157779,14
157793,16
157804,16
157822,13
157834,13
157850,16
157861,13
157873,16
157883,15
157899,15
157910,14
157921,14
157932,15
157944,14
157955,13
157966,17
157975,15
157993,14
158008,14
158019,16
158029,15
158041,18
158056,14
158070,16
158081,14
158098,18
158107,16
158116,14
158133,15
158143,15
158164,18
158178,13
158190,16
158202,13
158221,16
158234,15
158245,17
158257,16
158266,16
158275,16
158285,16
158298,14
158308,17
158323,16
158334,14
158346,14
158356,14
158367,16
158379,15
158389,18
158400,17
158409,17
158420,15
158430,11
158440,14
158450,11
158465,13
158474,14
158483,17
158494,16
158505,16
158516,17
158525,16
158536,15
158547,16
158558,16
158572,13
158581,14
158593,16
158604,16
158614,15
158629,14
158641,14
158655,16
158668,13
158678,16
158692,17
158703,14
158715,12
158726,13
158737,14
158748,16
158761,17
158774,17
158785,17
158796,16
158809,14
158819,16
158839,17
158851,15
158863,13
158876,18
158897,16
158907,15
158917,16
158928,14
158940,17
158956,15
158967,14
158978,18
158989,16
159000,16
159016,14
159028,16
159037,14
159048,14
159069,13
159081,18
159092,18
159102,16
159114,17
159125,15
159141,18
159153,14
159162,15
159171,14
159182,14
159192,15
159203,16
159218,14
159233,17
159243,17
159254,13
159265,12
159276,14
159287,13
159298,15
159308,15
159320,16
159333,19
159344,12
159362,15
159371,15
159380,14
159397,19
159410,14
159421,15
159430,15
159439,15
159449,15
159460,18
159469,17
159484,16
159495,15
159508,16
159517,15
159532,18
159543,15
159553,16
159564,12
159576,13
159597,16
159608,14
159619,16
159630,13
159639,15
159650,12
159661,13
159675,14
159684,14
159696,16
159708,14
159719,13
159756,15
159774,14
159785,16
159795,16
159808,16
159822,19
159836,17
159853,14
159862,15
159874,16
159883,16
159895,15
159927,16
159939,13
159950,14
159960,14
159969,15
159978,15
159989,16
160001,14
160014,16
160023,12
160034,14
160050,14
160061,12
160074,12
160086,14
160095,16
160106,12
160118,13
160128,13
160142,13
160153,15
160166,18
160181,14
160191,18
160203,14
160221,16
160233,15
160250,14
160260,15
160271,12
160281,14
160292,16
160304,12
160325,17
160342,14
160353,16
160367,14
160377,14
160389,18
160405,18
160416,19
160429,14
160451,15
160461,15
160477,17
160491,17
160502,18
160512,18
160522,16
160541,16
160551,16
160562,15
160572,14
160586,14
160596,17
160611,16
160627,13
160641,12
160654,16
160665,16
160675,18
160695,14
160705,14
160722,15
160734,15
160744,16
160762,19
160774,14
160783,19
160794,16
160807,12
160819,14
