393666,15
393675,15
393687,14
393698,14
393708,14
393720,16
393732,16
393743,20
393753,18
393767,16
393780,18
393789,15
393800,12
393811,13
393822,15
393833,15
393844,17
393861,16
393873,13
393884,14
393899,14
393909,18
393924,17
393934,16
393947,16
393959,13
393969,14
393982,15
393993,15
394007,18
394019,18
394032,14
394045,15
394055,13
394064,13
394076,14
394086,14
394097,13
394108,12
394122,13
394136,18
394146,14
394158,16
394167,14
394179,14
394190,14
394200,13
394214,14
394227,17
394238,16
394250,17
394259,16
394270,17
394286,18
394296,15
394315,19
394328,14
394338,14
394349,18
394358,14
394370,19
394388,14
394397,15
394407,14
394417,17
394435,14
394452,16
394466,15
394477,15
394489,17
394499,18
394519,15
394530,15
394546,19
394558,14
394568,15
394579,14
394591,17
394601,17
394617,18
394628,15
394639,13
394653,13
394667,15
394676,15
394690,13
394700,13
394712,15
394726,12
394747,14
394759,18
394768,12
394783,13
394792,14
394805,18
394816,16
394827,17
394841,17
394850,16
394863,12
394873,14
394889,16
394901,14
394912,14
394933,18
394944,14
394954,14
394966,16
394977,16
394987,19
394997,18
395010,18
395023,14
395034,15
395043,18
395053,18
395064,13
395076,14
395085,15
395096,15
395105,16
395118,19
395129,17
395148,12
395165,14
395186,14
395201,19
395211,15
395224,16
395238,13
395249,14
395266,16
395276,14
395288,18
395301,14
395322,18
395333,15
395343,17
395354,16
395364,16
395378,12
395388,13
395400,14
395409,16
395426,18
395438,18
395459,16
395469,16
395484,16
395499,14
395510,14
395522,17
395532,17
395543,17
395556,17
395568,15
395582,13
395597,13
395610,13
395621,14
395636,16
395646,14
395661,14
395676,18
395685,14
395698,12
395709,13
395720,13
395736,14
395745,16
395763,14
395774,15
395788,16
395808,16
395821,16
395837,18
395850,14
395859,14
395871,18
395880,18
395901,16
395916,18
395925,16
395937,15
395949,12
395958,14
395968,16
395983,16
395994,18
396006,14
396017,14
396029,14
396041,14
396058,18
396070,13
396081,15
396092,16
396105,16
396119,14
396129,14
396140,15
396149,16
396165,19
396177,14
396197,16
396212,18
396222,14
396244,18
396255,14
396271,16
396283,16
396294,15
396306,12
396317,13
396326,13
396338,14
396349,15
396359,16
396374,15
396390,14
396413,15
396425,18
396435,18
396446,16
396455,16
396467,15
396478,14
396488,12
396506,13
396515,14
396526,13
396537,15
396548,14
396559,15
396570,18
396580,16
396590,15
396600,14
396621,14
396633,16
396643,15
396658,12
396669,14
396691,16
396702,16
396711,15
396724,13
396738,17
