498278,17
498289,12
498300,13
498310,13
498321,15
498343,14
498355,15
498366,12
498387,14
498398,13
498409,15
498418,15
498429,16
498439,17
498460,17
498477,14
498487,15
498498,16
498507,16
498519,16
498536,16
498549,18
498558,17
498573,14
498595,16
498609,17
498619,18
498636,19
498649,15
498660,14
498672,14
498682,18
498700,18
498709,14
498720,12
498732,14
498742,12
498753,12
498762,13
498774,15
498790,14
498809,14
498820,16
498834,14
498844,14
498855,15
498865,16
498876,12
498885,16
498896,14
498908,14
498920,15
498930,16
498941,17
498951,16
498962,16
498974,17
498983,17
498996,18
499010,15
499021,17
499032,20
499047,17
499058,14
499067,17
499079,17
499094,15
499106,14
499122,16
499144,14
499160,19
499171,14
499187,14
499198,16
499214,16
499225,13
499235,14
499247,12
499258,14
499280,16
499295,16
499315,16
499332,14
499343,18
499354,16
499367,15
499380,13
499392,18
499406,15
499425,16
499442,17
499452,16
499462,18
499473,19
499482,16
499493,14
499503,16
499514,16
499527,18
499540,16
499559,14
499569,14
499579,14
499599,16
499610,19
499622,18
499638,14
499649,16
499658,17
499671,16
499685,16
499698,14
499709,15
499724,15
499740,15
499751,16
499770,14
499779,18
499798,16
499811,18
499821,14
499830,16
499844,18
499857,15
499866,14
499877,14
499887,16
499899,18
499909,15
499921,16
499940,15
499955,17
499964,15
499976,16
499987,16
499997,12
500008,13
500020,14
500030,13
500041,14
500055,15
500068,14
500083,14
500093,14
500114,15
500125,15
500136,14
500146,15
500156,14
500166,13
500176,14
500188,15
500197,14
500208,14
500220,14
500230,19
500241,15
500262,15
500274,16
500283,16
500295,18
500306,16
500318,16
500331,16
500340,12
500352,14
500361,14
500372,18
500381,18
500392,17
500402,16
500411,17
500421,14
500430,15
500452,17
500461,17
500471,16
500482,14
500496,18
500512,18
500524,14
500533,14
500542,14
500553,11
500562,15
500576,19
500595,15
500614,15
500627,15
500639,18
500649,17
500662,16
500675,18
500685,16
500698,12
500710,14
500721,15
500730,14
500742,15
500751,14
500762,16
500773,15
500784,15
500795,13
500811,17
500828,14
500838,18
500856,15
500868,16
500879,18
500889,14
500903,13
500918,12
500928,12
500939,14
500952,18
500963,16
500976,15
500988,17
501000,16
501018,14
501027,16
501040,16
501054,18
501071,17
501082,14
501093,14
501113,16
501124,14
501136,18
501147,14
501158,17
501175,13
501189,18
501200,14
501211,16
501222,14
501237,15
501246,14
501258,16
501267,16
501284,17
501296,14
501306,14
501317,16
501334,19
