553706,15
553715,16
553725,18
553736,16
553746,17
553757,16
553766,15
553781,13
553790,13
553799,14
553814,14
553825,12
553838,13
553847,14
553859,14
553871,13
553880,14
553899,16
553919,18
553934,18
553957,17
553973,16
553992,14
554003,14
554012,15
554035,14
554048,16
554057,16
554070,14
554084,18
554095,14
554107,15
554120,19
554140,15
554152,15
554165,15
554181,18
554192,17
554202,14
554212,14
554230,17
554241,16
554263,17
554276,16
554288,14
554314,14
554324,15
554336,12
554345,14
554357,15
554370,14
554381,16
554401,14
554422,17
554432,16
554444,18
554455,16
554468,13
554480,16
554491,15
554503,15
554522,17
554533,17
554543,12
554553,16
554563,13
554577,14
554596,13
554616,19
554629,17
554638,17
554647,17
554657,15
554668,19
554685,16
554701,17
554714,16
554725,17
554736,17
554749,18
554760,16
554772,13
554782,14
554793,14
554803,13
554814,14
554825,18
554853,17
554865,19
554874,17
554892,16
554901,14
554910,14
554921,12
554931,14
554942,16
554951,15
554962,15
554972,13
554981,17
554992,14
555001,14
555013,14
555024,16
555033,14
555043,16
555055,16
555069,18
555079,13
555089,14
555103,14
555112,16
555122,15
555132,15
555145,19
555155,15
555167,18
555177,18
555189,15
555198,14
555208,14
555218,18
555230,15
555241,17
555251,18
555266,14
555281,17
555292,16
555301,15
555318,14
555331,14
555340,15
555351,15
555364,18
555377,15
555389,12
555410,16
555421,16
555430,14
555442,13
555458,17
555476,14
555489,13
555499,14
555508,14
555521,17
555533,17
555542,13
555553,13
555566,12
555580,12
555592,12
555608,14
555621,14
555632,16
555641,16
555654,16
555665,16
555674,14
555688,12
555698,16
555707,14
555718,14
555736,13
555746,15
555757,17
555768,17
555779,16
555789,17
555802,16
555811,14
555826,14
555838,15
555847,15
555858,13
555869,14
555879,14
555888,13
555936,14
555952,13
555963,16
555973,14
555996,16
556005,14
556015,14
556028,16
556047,19
556060,15
556072,17
556090,18
556103,13
556113,13
556130,17
556141,17
556152,16
556172,13
556183,17
556197,15
556208,13
556218,13
556231,14
556242,15
556255,12
556268,19
556285,17
556297,16
556310,16
556322,14
556335,16
556349,17
556361,13
556375,17
556391,13
556407,15
556420,14
556430,15
556442,17
556452,14
556469,15
556487,15
556497,16
556510,18
556523,16
556532,15
556542,16
556554,17
556566,16
556577,14
556589,14
556599,14
556623,14
556634,14
556644,15
556655,14
556666,18
556677,18
556689,13
556703,18
556719,12
556728,14
556739,16
556750,16
