624140,14
624151,16
624173,13
624183,16
624194,16
624206,16
624218,17
624229,12
624241,12
624251,15
624263,15
624272,14
624286,18
624296,17
624308,12
624320,14
624331,18
624350,15
624359,14
624369,14
624379,14
624392,14
624403,16
624414,18
624424,19
624436,17
624453,15
624463,15
624475,15
624490,17
624501,16
624514,16
624527,16
624541,14
624551,14
624564,17
624575,14
624586,13
624595,15
624608,16
624617,16
624631,14
624645,17
624656,14
624702,18
624713,16
624724,12
624738,14
624749,14
624760,16
624774,16
624785,13
624796,14
624808,15
624821,14
624836,16
624847,14
624863,13
624876,18
624891,14
624903,17
624915,16
624932,11
624953,16
624965,19
624978,16
624988,16
624998,15
625014,16
625032,15
625043,17
625053,15
625064,15
625077,15
625088,18
625111,15
625121,15
625139,14
625149,15
625172,14
625182,15
625193,14
625203,15
625214,14
625225,16
625239,16
625250,18
625260,14
625276,14
625287,16
625307,14
625318,16
625332,17
625344,17
625363,13
625377,15
625386,16
625397,18
625409,16
625436,14
625448,12
625461,14
625473,17
625488,16
625500,14
625514,13
625524,14
625539,15
625551,14
625563,14
625574,15
625585,18
625595,16
625605,17
625616,17
625629,16
625649,14
625665,15
625678,18
625689,15
625714,16
625725,14
625738,17
625748,15
625762,14
625773,20
625784,16
625798,15
625816,16
625845,14
625855,14
625867,17
625879,17
625896,14
625906,14
625915,15
625927,16
625944,16
625954,14
625966,15
625975,14
625985,16
625995,12
626007,12
626018,12
626030,14
626039,14
626051,15
626061,14
626070,15
626087,16
626102,15
626115,16
626126,16
626145,15
626168,16
626182,15
626193,14
626206,17
626217,13
626230,13
626239,15
626251,14
626263,16
626272,16
626283,14
626294,14
626307,16
626317,16
626328,15
626337,16
626355,14
626366,14
626376,16
626387,16
626401,14
626412,15
626423,14
626436,15
626447,15
626457,17
626479,14
626492,15
626502,15
626511,13
626523,12
626534,13
626547,14
626565,16
626592,16
626611,15
626623,14
626634,15
626646,14
626656,15
626666,14
626681,14
626702,14
626712,14
626728,14
626739,14
626751,15
626762,14
626771,18
626782,16
626792,13
626819,14
626830,14
626840,14
626851,15
626863,16
626873,18
626884,18
626902,16
626912,14
626923,16
626941,15
626951,14
626962,14
626971,15
626982,14
626995,16
627006,14
627015,15
627026,16
627037,12
627048,12
627057,12
627072,16
627085,13
627097,16
627108,18
627124,16
627135,13
627145,14
627160,18
627169,17
627180,16
627189,18
627202,16
