49723,23
49734,0
49743,0
49753,0
49764,0
49775,0
49785,0
49796,0
49806,0
49817,0
49826,0
49838,0
49847,0
49856,0
49867,0
49878,0
49889,0
49900,0
49909,0
49922,0
49931,0
49942,0
49953,0
49964,0
49975,0
49984,0
49995,0
50004,0
50016,0
50026,0
50035,0
50046,0
50061,0
50071,0
50082,0
50092,0
50101,0
50111,0
50120,0
50130,0
50141,0
50154,0
50166,0
50176,0
50186,0
50196,0
50207,0
50220,0
50229,0
50240,0
50249,0
50262,0
50273,0
50283,0
50294,0
50304,0
50315,0
50326,0
50336,0
50348,0
50357,0
50368,0
50381,0
50392,0
50402,0
50413,0
50423,0
50435,0
50450,0
50459,0
50470,0
50482,0
50491,0
50502,0
50511,0
50522,0
50533,1
50544,0
50553,3
50563,4
50574,4
50587,8
50597,8
50607,9
50619,10
50630,9
50640,8
50652,5
50662,1
50673,1
50682,0
50694,0
50703,1
50714,0
50725,3
50736,3
50747,6
50757,8
50768,10
50778,10
50788,12
50798,12
50807,10
50819,13
50828,12
50839,13
50848,12
50860,12
50871,14
50881,14
50892,14
50902,15
50913,16
50922,15
50931,15
50941,18
50951,18
50961,18
50971,20
50980,20
51002,16
51013,12
51026,8
51037,6
51046,3
51056,7
51066,6
51077,9
51087,10
51096,11
51106,12
51117,14
51127,13
51138,16
51149,15
51159,16
51168,16
51179,15
51189,15
51204,14
51217,16
51227,16
51236,16
51246,15
51255,16
51266,17
51277,18
51293,17
51302,18
51313,19
51323,20
51335,19
51346,21
51356,16
51367,14
51380,10
51389,6
51403,4
51415,7
51425,6
51436,9
51449,10
51461,14
51472,14
51490,19
51500,19
51511,18
51521,19
51532,19
51544,18
51553,17
51564,18
51574,18
51586,18
51597,19
51607,18
51618,20
51630,20
51640,23
51651,22
51662,22
51676,22
51685,23
51696,24
51705,24
51715,25
51726,23
51737,21
51746,18
51756,14
51767,12
51776,11
51787,9
51796,10
51808,8
51818,12
51829,12
51838,14
51849,16
51858,16
51868,17
51879,16
51891,17
51900,16
51911,16
51921,16
51933,17
51944,14
51954,17
51965,15
51979,17
51989,16
51999,15
52011,16
52029,16
52040,19
52050,18
52062,19
52073,20
52082,20
52091,19
52103,16
52115,12
52124,11
52134,8
52145,7
52156,6
52165,6
52176,10
52187,10
52198,12
52207,11
52217,14
52227,16
52237,15
52248,18
52257,17
52269,18
52280,16
52290,18
52302,17
52314,16
52325,17
52335,16
52346,18
52358,17
52368,19
52379,20
52390,19
52401,21
52412,19
52423,22
52432,20
52445,21
52456,20
52465,18
52477,13
52492,9
52502,7
52511,7
52521,8
52532,8
52541,10
52552,9
52561,12
52573,13
52584,16
52593,17
52602,16
52612,16
52623,18
52635,18
52646,16
52657,18
52667,17
52677,20
52688,17
52700,19
52709,18
52718,17
52729,21
52745,21
52754,20
52765,18
52774,19
52786,20
52795,18
52809,20
52818,18
52829,14
52840,12
52849,8
52860,9
52872,5
52882,8
52893,6
52904,10
52915,11
52924,12
52935,12
52946,16
52956,16
52965,15
52976,18
52987,16
52998,17
53009,17
53022,19
53032,17
53043,18
53053,18
53063,17
53074,18
53086,19
53095,20
53105,18
53116,20
53128,20
53138,21
53151,22
53160,21
53171,23
53182,18
53193,18
53202,13
53214,10
53224,7
53236,7
53248,8
53259,6
53269,10
53280,9
53293,10
53304,13
53313,12
53325,14
53335,12
53346,15
53357,13
53372,14
53382,12
53394,14
53405,15
53414,15
53426,15
53436,16
53447,17
53458,16
53468,16
53479,17
53489,17
53498,18
53509,18
53519,19
53530,20
53543,14
53555,12
53564,8
53575,8
53586,5
53600,7
53611,7
53621,9
53633,9
53644,13
53653,13
53662,12
53672,14
53683,16
53692,14
53703,17
53714,15
53725,16
53736,16
53745,17
53755,17
53766,17
53777,17
53788,18
53797,19
53808,18
53819,20
53830,20
53840,19
53852,22
53863,20
53872,20
53883,21
53894,18
53905,12
53916,11
53926,7
53938,8
53947,8
53958,10
