71739,0
71749,0
71763,0
71774,0
71784,0
71794,0
71811,2
71821,2
71831,3
71849,4
71860,4
71870,4
71882,5
71895,5
71905,5
71915,6
71929,6
71940,6
71950,6
71962,7
71974,6
71985,7
71997,8
72007,7
72019,8
72030,8
72046,9
72058,9
72071,10
72081,10
72091,10
72101,10
72118,11
72128,11
72138,12
72153,12
72167,12
72177,12
72187,12
72202,13
72218,14
72228,14
72239,13
72249,14
72271,14
72282,13
72294,12
72306,12
72316,10
72327,10
72339,9
72357,9
72368,8
72382,8
72392,8
72409,8
72419,8
72431,9
72443,9
72454,9
72464,10
72476,10
72493,11
72503,11
72513,10
72527,12
72538,12
72548,11
72560,12
72581,13
72591,12
72605,13
72617,13
72630,13
72640,13
72656,14
72667,13
72681,12
72693,12
72704,12
72714,13
72726,12
72744,13
72759,14
72769,13
72785,14
72796,13
72806,14
72824,14
72835,14
72845,14
72861,15
72871,14
72882,14
72898,14
72910,14
72921,15
72933,14
72951,15
72962,16
72972,16
72988,16
72998,15
73009,13
73023,13
73039,12
73050,10
73064,10
73074,9
73091,9
73101,8
73111,8
73123,8
73142,9
73152,9
73162,9
73179,10
73191,10
73201,10
73211,10
73226,11
73236,11
73246,11
73263,12
73273,12
73283,12
73299,14
73314,15
73324,15
73345,16
73355,16
73365,16
73375,15
73392,16
73404,16
73414,16
73431,16
73441,16
73451,17
73467,17
73478,17
73490,16
73506,17
73517,17
73527,17
73543,18
73558,17
73568,17
73578,18
73598,18
73609,17
73619,18
73635,18
73646,18
73656,18
73674,18
73684,18
73695,18
73711,18
73721,18
73732,18
73750,18
73760,17
73771,16
73787,15
73797,13
73807,12
73828,12
73838,11
73848,10
73863,10
73879,10
73889,10
73900,10
73920,11
73930,11
73940,10
73955,11
73965,11
73975,11
73992,12
74002,12
74014,12
74031,13
74041,13
74051,13
74061,13
74082,14
74092,14
74102,14
74123,14
74133,14
74143,14
74160,15
74170,14
74184,14
74196,15
74209,14
74219,14
74235,15
74246,15
74256,15
74278,16
74289,16
74301,16
74313,16
74323,16
74336,16
74352,17
74362,16
74375,17
74389,17
74399,17
74409,17
74430,18
74440,17
74450,18
74467,18
74477,18
74489,18
74508,18
74522,17
74532,16
74543,14
74557,14
74569,12
74584,12
74594,10
74604,10
74620,10
74631,10
74643,10
74659,11
74670,11
74680,10
74700,12
74711,12
74721,12
74741,13
74754,14
74764,13
74774,14
74786,14
74797,14
74813,15
74823,15
74833,14
74850,15
74864,16
74874,15
74891,16
74901,15
74913,15
74930,16
74940,16
74950,16
74967,16
74977,16
74991,16
75003,16
75016,16
75026,16
75042,17
75053,17
75063,16
75073,16
75098,18
75108,17
75118,17
75130,18
75143,17
75153,18
75163,18
75186,18
75196,18
75206,18
75218,18
75237,18
75247,17
75257,16
75276,14
75286,13
75296,12
75309,12
75321,11
75337,11
75347,10
75358,10
75378,12
75388,11
75399,11
75415,12
75425,12
75440,12
75452,13
75464,13
75474,13
75491,14
75501,14
75511,14
75528,15
75542,16
75552,15
75563,15
75583,16
75593,15
75603,15
75614,15
75634,16
75644,15
75655,15
75671,16
75681,15
75694,16
75710,16
75720,16
75730,16
75747,16
75757,16
75771,16
75786,16
75798,17
75808,16
75819,17
75839,18
75849,18
75859,17
75878,18
75888,18
75898,18
75917,19
75929,18
75939,17
75952,17
75962,16
75974,14
75993,14
76003,12
76013,11
76025,10
76044,10
76054,10
76066,9
76083,10
76093,9
76109,10
76120,10
