65419,19
65431,16
65447,14
65458,13
65470,12
65486,14
65497,14
65507,15
65523,18
65533,19
65546,20
65562,23
65572,24
65583,25
65593,26
65613,29
65624,29
65634,29
65654,30
65667,30
65681,31
65693,32
65705,31
65716,31
65728,34
65738,35
65751,36
65769,38
65783,39
65794,38
65804,38
65814,38
65824,38
65837,37
65855,40
65865,40
65875,40
65896,41
65906,40
65916,41
65933,42
65945,42
65955,42
65972,44
65982,42
65992,42
66002,41
66023,38
66033,32
66043,28
66060,19
66072,14
66082,8
66099,3
66109,0
66119,0
66129,0
66150,0
66160,0
66170,0
66187,0
66197,1
66209,2
66220,3
66232,6
66242,8
66254,9
66267,12
66277,14
66287,15
66301,17
66316,18
66326,19
66338,21
66351,21
66361,21
66379,23
66390,24
66402,23
66412,23
66428,25
66439,25
66449,26
66465,27
66476,26
66488,26
66498,27
66516,30
66529,29
66539,29
66549,30
66572,32
66586,33
66596,33
66607,33
66619,34
66631,35
66641,34
66660,37
66674,37
66684,36
66699,33
66709,29
66719,24
66736,17
66746,11
66756,6
66777,0
66791,0
66801,0
66813,0
66828,0
66838,0
66848,0
66863,0
66873,0
66883,0
66893,0
66904,0
66920,3
66932,4
66942,6
66955,9
66965,11
66977,12
66988,14
67000,16
67012,18
67022,18
67039,21
67049,22
67059,22
67076,24
67086,24
67098,24
67115,26
67125,26
67135,26
67145,26
67166,29
67176,29
67186,28
67207,30
67217,30
67227,30
67237,30
67254,33
67264,33
67276,33
67287,34
67305,36
67315,37
67328,37
67338,37
67356,39
67368,39
67379,38
67397,34
67407,30
67420,24
67436,16
67446,9
67457,3
67477,0
67487,0
67497,0
67510,0
67522,0
67532,0
67549,0
67559,0
67569,0
67584,0
67594,0
67604,0
67618,2
67629,5
67639,7
67651,10
67663,12
67674,13
67686,16
67696,17
67708,18
67725,20
67735,20
67745,21
67766,24
67776,24
67786,23
67796,24
67813,25
67823,25
67835,26
67854,28
67864,28
67874,28
67893,30
67903,30
67913,30
67936,33
67946,33
67956,34
67971,35
67981,35
67991,36
68005,37
68016,37
68026,38
68046,40
68059,40
68069,39
68083,37
68093,33
68104,28
68122,20
68132,14
68143,9
68159,2
68169,0
68179,0
68196,0
68210,0
68220,0
68231,0
68245,0
68255,0
68265,0
68280,0
68290,1
68300,2
68317,6
68327,8
68341,10
68354,12
68366,14
68376,15
68386,16
68401,18
68411,18
68421,18
68440,20
68452,21
68462,20
68474,22
68485,22
68497,21
68513,22
68524,22
68534,23
68550,24
68560,25
68573,25
68585,25
68601,26
68612,26
68624,26
68634,26
68653,29
68667,30
68679,30
68691,31
68708,32
68718,33
68728,32
68743,33
68753,31
68763,28
68773,24
68794,16
68804,10
68814,3
68825,0
68845,0
68855,0
68868,0
68880,0
68896,0
68909,0
68919,0
68931,0
68941,0
68952,0
68964,0
68976,0
68986,0
68999,1
69011,1
69021,4
69031,6
69048,9
69058,10
69068,11
69083,13
69093,14
69103,14
69120,16
69130,16
69142,16
69158,18
69169,17
69179,18
69195,19
69206,19
69220,20
69234,20
69244,21
69255,21
69265,22
69285,23
69296,24
69308,25
69322,26
69339,27
69349,28
69363,28
69376,29
69388,29
69398,29
69414,30
69425,28
69435,24
69451,18
69462,11
69474,4
69490,0
69500,0
69511,0
69521,0
69541,0
69552,0
69564,0
69576,0
69586,0
69597,0
69609,0
69621,0
69632,0
69648,0
69660,0
69672,0
69683,0
69693,0
69703,1
69718,4
69728,6
69738,7
69752,10
69763,10
69773,10
69783,11
69799,13
69810,14
69824,14
69836,15
69849,15
69859,15
69875,16
69885,17
69896,18
69906,18
69926,21
69937,21
69951,22
69963,24
69974,24
69986,23
69996,24
70014,26
70027,27
70039,27
70049,28
70076,35