45795,14
45806,14
45816,18
45829,19
45840,19
45849,20
45859,21
45869,20
45879,21
45890,21
45901,23
45912,22
45922,23
45932,23
45946,23
45957,26
45968,25
45979,26
45989,26
46003,25
46013,26
46022,25
46033,24
46045,15
46054,8
46063,1
46074,0
46086,0
46096,0
46107,0
46116,1
46126,5
46135,10
46146,10
46157,16
46168,17
46179,20
46190,20
46199,21
46211,19
46221,22
46231,20
46241,21
46253,20
46262,21
46274,20
46286,22
46298,25
46309,24
46318,26
46329,24
46340,26
46352,24
46363,24
46372,24
46384,22
46395,14
46404,6
46413,0
46423,0
46434,0
46446,0
46455,0
46465,0
46475,1
46485,7
46494,9
46505,14
46515,16
46525,18
46535,20
46546,20
46558,20
46568,15
46577,14
46588,13
46600,15
46610,12
46621,16
46632,14
46643,16
46654,16
46663,18
46674,17
46686,20
46696,20
46710,20
46724,19
46735,12
46744,6
46755,0
46765,0
46776,0
46789,0
46798,0
46810,0
46821,0
46836,6
46845,9
46857,13
46867,18
46878,17
46887,17
46899,20
46910,20
46920,20
46930,20
46944,23
46953,24
46967,25
46979,25
46989,24
47000,26
47012,27
47022,27
47031,26
47042,26
47053,24
47064,25
47074,23
47083,15
47094,5
47108,0
47117,0
47126,0
47137,0
47149,0
47161,0
47171,6
47181,7
47191,11
47202,14
47211,16
47221,19
47233,19
47247,22
47256,22
47265,20
47277,23
47286,24
47295,24
47306,26
47322,26
47333,27
47343,26
47354,30
47367,30
47378,27
47388,28
47397,26
47409,26
47418,21
47429,10
47440,0
47450,0
47461,0
47471,0
47480,0
47492,0
47504,2
47513,6
47524,14
47536,17
47551,22
47563,24
47577,23
47586,23
47597,24
47608,24
47619,23
47630,25
47639,28
47650,32
47662,32
47672,33
47682,33
47691,32
47700,30
47710,32
47720,34
47730,32
47741,34
47753,30
47763,23
47772,12
47783,2
47795,0
47805,0
47816,0
47827,0
47838,1
47849,6
47860,12
47870,13
47881,17
47890,21
47900,19
47910,22
47921,23
47932,24
47943,22
47953,24
47965,22
47976,24
47985,24
47994,24
48007,25
48016,26
48027,27
48036,26
48048,28
48057,28
48068,28
48077,28
48089,27
48099,28
48109,24
48119,18
48131,4
48142,0
48152,0
48163,0
48173,0
48182,0
48196,0
48205,2
48215,8
48225,10
48235,17
48246,18
48258,21
48268,22
48277,24
48287,23
48304,24
48315,24
48324,24
48335,22
48346,25
48357,25
48368,27
48378,28
48390,28
48399,27
48410,29
48419,28
48430,29
48440,30
48449,29
48459,29
48468,28
48480,18
48490,9
48499,0
48510,0
48520,0
48531,0
48542,0
48552,1
48564,8
48576,12
48585,14
48594,16
48606,20
48617,20
48627,21
48638,23
48650,22
48659,23
48668,25
48679,23
48691,25
48701,25
48710,26
48726,27
48740,28
48751,29
48761,30
48773,29
48784,30
48794,29
48803,29
48814,28
48827,24
48838,14
48849,4
48860,0
48871,0
48884,0
48896,0
48907,0
48917,5
48928,10
48940,12
48949,17
48958,20
48967,21
48982,22
48991,21
49000,22
49011,21
49020,21
49032,22
49041,21
49052,24
49062,22
49074,24
49083,24
49093,23
49103,26
49118,25
49127,24
49138,26
49148,26
49159,28
49168,27
49178,23
49188,17
49204,0
49213,0
49222,0
49233,0
49247,0
49261,0
49272,0
49283,4
49298,11
49308,14
49318,15
49328,16
49341,18
49351,19
49360,18
49372,21
49383,20
49393,20
49408,20
49419,22
49429,22
49440,23
49452,23
49461,24
49472,24
49481,26
49490,28
49500,28
49509,26
49520,28
49531,26
49542,24
49552,16
49562,6
49572,0
49583,0
49594,0
49605,0
49615,0
49625,0
49635,5
49645,8
49656,13
49668,15
49678,20
49689,22
49700,23
49710,20
