14114,10
14124,9
14133,8
14142,10
14152,12
14161,14
14171,16
14180,18
14190,22
14199,24
14209,25
14218,28
14227,30
14237,33
14246,36
14256,37
14265,37
14276,34
14286,28
14296,17
14305,4
14314,0
14323,0
14333,0
14343,0
14352,0
14361,0
14371,0
14381,0
14390,0
14399,0
14408,3
14419,11
14430,14
14439,15
14450,19
14459,18
14469,16
14478,16
14488,18
14497,20
14507,22
14516,22
14526,23
14535,25
14544,27
14554,29
14563,31
14573,32
14584,34
14594,34
14603,35
14612,37
14622,36
14631,31
14641,22
14650,8
14659,0
14669,0
14679,0
14688,0
14697,0
14707,0
14716,0
14726,0
14735,0
14744,0
14754,1
14764,7
14773,11
14782,13
14792,14
14801,14
14811,14
14820,14
14829,13
14839,12
14849,12
14858,13
14867,16
14877,20
14886,23
14896,26
14905,28
14915,31
14924,34
14934,35
14943,36
14953,37
14962,36
14971,30
14981,21
14990,8
15000,0
15009,0
15019,0
15028,0
15038,0
15047,0
15056,0
15066,0
15075,0
15085,4
15094,8
15104,12
15113,14
15123,17
15132,19
15141,20
15151,19
15161,19
15170,19
15179,20
15188,21
15198,21
15208,22
15217,23
15226,25
15236,27
15246,28
15255,29
15264,31
15273,32
15284,34
15293,35
15302,34
15311,31
15322,24
15331,12
15340,0
15349,0
15358,0
15369,0
15378,0
15387,0
15396,0
15407,0
15416,0
15425,0
15434,0
15443,6
15454,10
15463,14
15472,17
15481,19
15492,20
15501,19
15510,20
15519,22
15528,22
15539,24
15548,24
15557,25
15566,27
15577,29
15586,31
15595,32
15604,33
15614,34
15624,36
15633,37
15642,38
15652,37
15662,37
15671,35
15680,29
15689,18
15699,6
15709,0
15718,0
15727,0
15737,0
15747,0
15756,0
15765,0
15774,0
15784,0
15794,1
15803,6
15812,10
15822,14
15832,18
15841,19
15850,19
15860,19
15869,20
15879,22
15888,23
15897,23
15907,23
15917,24
15926,26
15935,28
15945,31
15954,32
15964,34
15973,36
15983,38
15992,39
16002,38
16011,38
16020,40
16030,42
16039,41
16049,36
16058,28
16069,16
16079,6
16089,0
16098,0
16107,0
16116,0
16128,0
16138,0
16147,2
16156,7
16165,11
16175,14
16185,16
16194,19
16203,20
16212,21
16223,22
16232,21
16241,22
16250,25
16261,27
16270,29
16279,30
16288,33
16297,34
16308,37
16317,39
16326,41
16335,43
16346,44
16355,45
16364,46
16373,46
16384,46
16393,46
16402,43
16411,36
16421,25
16431,14
16440,4
16449,0
16458,0
16468,0
16478,0
16487,0
16496,0
16506,0
16516,4
16525,7
16534,11
16543,14
16553,18
16563,20
16572,20
16581,20
16591,21
16601,22
16610,22
16619,22
16629,23
16638,23
16648,24
16659,25
16668,26
16677,28
16688,30
16697,32
16706,33
16715,35
16726,38
16735,38
16744,38
16753,37
16762,31
16774,22
16784,11
16793,0
16802,0
16814,0
16823,0
16832,0
16842,0
16851,0
16861,0
16870,1
16879,6
16889,12
16899,16
16908,18
16917,19
16927,20
16936,22
16946,23
16955,24
16965,24
16974,25
16984,26
16995,27
17004,26
17013,26
17024,28
17033,30
17042,32
17051,34
17061,36
17071,38
17080,40
17091,40
17100,41
17110,42
17120,42
17129,39
17138,30
17147,19
17158,8
17167,0
17176,0
17185,0
17195,0
17205,0
