3284525,16
3284534,16
3284545,17
3284555,16
3284564,16
3284574,16
3284583,16
3284593,16
3284602,16
3284614,17
3284623,17
3284632,18
3284643,17
3284655,16
3284666,16
3284675,17
3284685,18
3284695,17
3284706,16
3284717,17
3284726,17
3284736,18
3284747,17
3284756,16
3284767,14
3284777,14
3284790,17
3284801,17
3284810,17
3284820,17
3284833,14
3284842,16
3284852,16
3284861,17
3284871,17
3284880,16
3284893,16
3284902,16
3284913,16
3284922,16
3284934,18
3284945,16
3284956,17
3284965,17
3284976,17
3284985,17
3284995,17
3285006,15
3285016,18
3285025,16
3285038,17
3285049,19
3285059,19
3285068,16
3285083,16
3285094,16
3285103,16
3285114,15
3285125,17
3285134,17
3285143,16
3285161,17
3285171,17
3285181,17
3285191,17
3285201,16
3285213,15
3285224,15
3285233,16
3285252,18
3285261,17
3285270,16
3285279,16
3285293,17
3285302,18
3285313,16
3285326,17
3285338,16
3285347,16
3285360,17
3285369,17
3285379,15
3285390,16
3285399,14
3285409,14
3285419,16
3285428,16
3285437,16
3285453,14
3285465,18
3285475,15
3285487,17
3285496,18
3285507,16
3285516,16
3285527,14
3285536,17
3285550,16
3285561,16
3285570,16
3285581,16
3285591,16
3285606,17
3285615,17
3285629,16
3285640,16
3285649,17
3285658,17
3285667,17
3285679,17
3285689,17
3285698,17
3285707,16
3285716,14
3285728,16
3285738,17
3285747,17
3285758,15
3285768,16
3285777,17
3285788,16
3285801,15
3285813,18
3285822,18
3285831,17
3285842,18
3285852,15
3285865,17
3285874,18
3285884,17
3285897,18
3285908,16
3285917,17
3285927,17
3285938,16
3285949,16
3285959,16
3285970,17
3285980,17
3285991,16
3286000,16
3286009,16
3286021,16
3286031,17
3286041,17
3286054,17
3286064,16
3286074,16
3286083,17
3286095,18
3286106,16
3286115,16
3286126,16
3286135,17
3286145,17
3286156,17
3286166,16
3286176,18
3286187,18
3286198,18
3286207,18
3286218,17
3286227,17
3286237,17
3286248,16
3286258,18
3286268,18
3286280,15
3286291,18
3286304,18
3286316,16
3286325,16
3286336,16
3286345,17
3286356,16
3286366,17
3286376,16
3286385,16
3286402,16
3286413,18
3286422,18
3286433,18
3286443,15
3286453,16
3286462,15
3286471,16
3286481,16
3286491,17
3286500,16
3286509,17
3286519,16
3286529,16
3286538,17
3286547,15
3286558,17
3286574,17
3286583,17
3286592,17
3286602,14
3286612,15
3286623,16
3286635,18
3286646,17
3286657,18
3286667,18
3286680,17
3286689,17
3286701,16
3286712,17
3286723,18
3286732,16
3286743,16
3286752,17
3286761,18
3286770,16
3286780,16
3286790,15
3286806,16
3286815,16
3286825,16
3286836,16
3286846,16
3286858,16
3286870,18
3286880,14
3286890,15
3286900,16
3286913,18
3286926,17
3286937,18
3286948,15
3286958,16
3286967,16
3286980,16
3286991,17
3287006,16
3287015,14
3287025,15
3287034,14
3287044,16
3287054,16
3287063,17
3287072,16
3287081,16
3287092,16
3287101,14
3287110,16
3287123,17
3287135,18
3287149,18
3287158,16
3287169,16
3287178,17
3287187,17
3287198,17
3287207,16
3287218,16
3287227,17
3287236,16
3287247,17
3287257,17
3287268,16
3287279,15
3287288,16
3287300,15
3287310,16
3287324,17
3287333,17
3287345,17
3287358,14
3287367,16
3287376,16
3287387,16
3287396,16
3287405,16
3287414,16
3287425,16
3287434,16
3287443,16
3287452,16
3287465,14
3287475,16
3287485,16
3287494,16
3287505,17
3287515,16
3287524,18
3287534,15
3287543,14
3287553,14
3287562,18
3287572,16
3287581,16
3287598,16
3287611,16
3287620,14
