1182111,16
1182123,16
1182134,15
1182153,16
1182163,14
1182175,15
1182184,18
1182193,15
1182204,14
1182214,16
1182225,15
1182236,17
1182247,15
1182257,16
1182267,15
1182279,15
1182288,14
1182299,14
1182310,17
1182321,18
1182330,16
1182342,17
1182361,16
1182371,16
1182383,18
1182399,16
1182411,17
1182423,18
1182438,17
1182449,17
1182458,17
1182468,16
1182477,16
1182487,16
1182496,15
1182505,14
1182517,15
1182528,14
1182539,18
1182554,15
1182565,17
1182576,16
1182587,16
1182597,15
1182607,16
1182618,15
1182632,17
1182645,17
1182655,16
1182666,16
1182675,16
1182685,17
1182694,15
1182707,17
1182716,15
1182727,15
1182736,16
1182745,16
1182754,15
1182766,15
1182784,14
1182795,16
1182804,15
1182815,16
1182827,15
1182838,16
1182848,16
1182858,15
1182867,16
1182876,15
1182885,15
1182896,16
1182906,16
1182917,16
1182928,14
1182940,15
1182950,16
1182959,15
1182968,14
1182978,15
1182989,15
1183004,16
1183016,14
1183027,15
1183036,14
1183045,15
1183056,16
1183070,16
1183081,17
1183091,16
1183109,18
1183118,16
1183127,15
1183136,16
1183148,15
1183158,14
1183167,14
1183176,15
1183185,16
1183201,17
1183212,15
1183221,15
1183230,15
1183241,16
1183250,16
1183259,14
1183268,16
1183284,16
1183302,16
1183311,16
1183321,14
1183330,16
1183341,15
1183352,16
1183369,16
1183380,17
1183391,18
1183400,18
1183411,18
1183422,16
1183434,16
1183444,14
1183457,15
1183468,16
1183477,14
1183488,16
1183497,15
1183508,15
1183522,12
1183532,13
1183545,14
1183554,14
1183565,16
1183576,14
1183585,15
1183596,14
1183605,15
1183617,15
1183628,15
1183637,12
1183646,16
1183657,16
1183668,16
1183678,16
1183689,16
1183699,15
1183712,19
1183721,20
1183731,18
1183740,17
1183750,16
1183760,17
1183776,16
1183789,15
1183799,14
1183811,12
1183820,14
1183831,16
1183840,16
1183849,14
1183860,17
1183869,16
1183881,16
1183891,16
1183900,16
1183909,16
1183919,16
1183929,16
1183938,17
1183947,15
1183956,17
1183972,15
1183981,15
1183990,16
1184001,16
1184012,16
1184028,17
1184039,16
1184050,15
1184060,16
1184071,14
1184082,16
1184092,16
1184103,16
1184115,17
1184125,17
1184137,16
1184154,18
1184165,16
1184179,16
1184188,16
1184197,14
1184208,14
1184219,15
1184229,14
1184242,14
1184251,14
1184263,17
1184274,20
1184283,16
1184293,16
1184303,16
1184312,16
1184325,15
1184336,14
1184348,15
1184357,16
1184371,14
1184381,16
1184391,14
1184400,15
1184409,14
1184419,17
1184429,16
1184440,14
1184449,16
1184460,15
1184472,14
1184481,14
1184491,15
1184500,15
1184509,18
1184519,17
1184530,17
1184545,14
1184555,19
1184564,15
1184574,16
1184583,15
1184592,13
1184602,14
1184612,16
1184622,14
1184632,16
1184645,18
1184660,18
1184671,16
1184683,15
1184694,16
1184706,16
1184717,15
1184727,16
1184737,16
1184749,19
1184762,17
1184775,16
1184786,16
1184797,14
1184806,15
1184817,16
1184826,18
1184835,16
1184850,17
1184860,18
1184869,16
1184879,14
1184889,15
1184905,14
1184918,14
1184927,14
1184936,16
1184946,14
1184961,15
1184970,17
1184979,16
1184990,16
1184999,15
1185010,14
1185019,15
1185029,14
1185040,16
1185051,16
1185060,14
1185074,17
1185083,15
1185093,14
1185103,15
1185115,14
1185125,15
1185136,16
1185153,16
1185162,16
1185171,18
1185180,16
