778992,82
779002,82
779012,81
779023,80
779032,79
779045,78
779055,77
779064,76
779082,62
779094,40
779103,24
779112,13
779127,2
779139,7
779153,14
779162,21
779172,27
779187,37
779196,46
779207,51
779218,52
779230,53
779239,52
779252,52
779264,52
779275,56
779286,59
779295,62
779307,66
779316,70
779327,72
779338,76
779351,76
779362,75
779375,76
779384,74
779394,73
779405,72
779414,72
779425,71
779437,72
779447,72
779459,58
779468,40
779479,24
779490,13
779499,10
779510,12
779520,16
779531,24
779540,30
779549,36
779560,45
779572,52
779581,55
779592,57
779602,58
779615,54
779624,52
779634,50
779643,50
779655,53
779664,55
779673,56
779682,60
779693,63
779704,66
779713,68
779724,70
779736,70
779747,71
779759,71
779772,69
779782,67
779793,66
779804,66
779815,56
779827,37
779836,19
779847,2
779856,0
779866,0
779877,0
779886,3
779896,9
779907,18
779918,28
779928,36
779940,36
779952,38
779961,40
779972,38
779983,36
779993,37
780004,38
780017,43
780028,45
780038,50
780047,55
780058,60
780067,63
780079,64
780089,67
780099,69
780110,69
780129,70
780140,71
780151,70
780161,68
780170,62
780185,39
780194,21
780206,5
780217,0
780226,4
780235,8
780247,13
780257,22
780268,29
780277,36
780286,42
780296,48
780307,54
780322,55
780334,53
780344,51
780357,50
780366,52
780378,55
780387,58
780397,62
780408,68
780418,71
780429,75
780438,79
780449,81
780461,81
780472,81
780483,83
780492,82
780504,80
780513,80
780524,78
780535,70
780545,56
780554,38
780564,24
780573,14
780582,12
780592,16
780602,20
780612,31
780622,38
780634,44
780643,50
780654,54
780665,56
780677,58
780694,58
780704,56
780713,55
780726,56
780737,59
780748,61
780758,63
780768,65
780777,68
780786,68
780795,70
780809,74
780818,74
780827,76
780838,77
780849,77
780860,76
780870,78
780881,76
780893,67
780903,54
780913,39
780923,31
780935,28
780945,32
780956,40
780967,50
780979,56
780990,62
781003,64
781015,66
781024,68
781035,67
781047,67
781058,66
781067,65
781079,65
781090,65
781102,67
781111,66
781122,66
781133,64
781145,67
781154,65
781165,64
781176,63
781192,64
781203,63
781212,59
781223,52
781233,34
781242,17
781252,5
781264,0
781276,0
781285,2
781298,11
781315,27
781324,36
781335,42
781344,45
781355,47
781365,50
781375,49
781386,48
781398,48
781408,50
781419,52
781429,55
781440,58
781455,63
781466,66
781477,67
781489,70
781510,71
781521,72
781531,71
781542,59
781553,42
781564,26
781574,17
781585,16
781594,18
781607,26
781619,34
781630,42
781648,54
781658,58
781667,61
781676,63
781686,64
781697,64
781708,63
781718,62
781729,64
781740,64
781751,66
781762,69
781772,71
781782,72
781793,72
781802,74
781813,73
781825,74
781834,72
781845,72
781857,67
781869,50
781880,28
781890,15
781899,8
781911,6
781922,7
781932,11
781943,15
781954,20
781965,26
781974,30
781983,36
781992,40
782004,43
782015,40
782024,40
782034,39
782047,38
782058,40
