858269,40
858279,19
858292,0
858303,0
858312,0
858321,0
858332,0
858341,5
858350,14
858359,24
858370,34
858381,43
858391,46
858402,47
858413,44
858422,40
858434,36
858445,38
858456,41
858465,45
858474,47
858483,52
858494,58
858504,61
858514,66
858525,66
858540,70
858549,70
858560,70
858569,70
858580,69
858590,66
858600,64
858611,65
858620,64
858630,57
858639,43
858649,18
858658,0
858670,0
858679,0
858690,0
858704,0
858714,0
858724,7
858734,16
858745,28
858756,34
858766,38
858776,39
858785,38
858795,36
858804,35
858814,34
858823,34
858834,36
858844,40
858853,42
858863,46
858873,49
858885,52
858898,52
858912,54
858923,56
858932,56
858943,55
858952,54
858961,53
858973,56
858982,54
858992,51
859001,36
859011,10
859020,0
859037,0
859047,0
859059,0
859069,0
859079,0
859089,0
859099,4
859110,12
859119,18
859128,22
859139,24
859149,26
859160,24
859170,23
859180,24
859189,24
859198,28
859208,31
859219,35
859229,38
859238,40
859247,45
859258,48
859270,52
859279,54
859289,54
859303,56
859313,58
859323,58
859332,58
859341,57
859351,56
859361,56
859370,48
859379,29
859388,8
859398,0
859408,0
859417,0
859426,0
859436,0
859446,0
859455,4
859464,13
859473,20
859484,27
859493,32
859502,35
859513,35
859523,34
859534,33
859543,32
859554,31
859566,30
859575,34
859585,36
859594,39
859603,42
859617,47
859628,48
859639,53
859651,55
859661,56
859672,58
859682,59
859692,58
859703,56
859714,58
859723,60
859732,58
859742,45
859755,20
859764,0
859773,0
859785,0
859795,0
859805,0
859815,4
859827,14
859836,25
859845,30
859854,37
859866,42
859875,44
859886,44
859897,44
859909,42
859920,42
859929,42
859940,42
859952,46
859963,50
859972,54
859983,54
859995,57
860004,57
860014,59
860023,59
860033,60
860044,61
860053,60
860066,60
860078,61
860087,60
860096,56
860105,50
860115,33
860127,9
860138,0
860147,0
860158,0
860170,0
860179,4
860188,13
860197,20
860209,30
860220,36
860231,39
860240,41
860252,42
860261,42
860271,41
860282,38
860293,40
860304,42
860315,45
860326,47
860338,50
860347,53
860357,52
860366,56
860376,58
860385,58
860395,59
860404,60
860416,57
860427,60
860436,59
860445,57
860454,54
860465,47
860476,29
860485,8
860496,0
860506,0
860517,0
860526,0
860535,0
860547,8
860560,19
860571,26
860585,36
860595,40
860606,42
860615,42
860625,40
860636,40
860647,39
860657,40
860666,42
860679,42
860692,47
860701,50
860710,52
860721,52
860730,53
860741,53
860750,54
860760,54
860770,55
860780,55
860790,55
860802,54
860813,56
860823,46
860834,24
860845,4
860854,0
860865,0
860876,0
860886,0
860897,1
860906,11
860915,20
860924,27
860935,34
860946,38
860958,41
860967,43
860978,43
860989,40
860998,40
861009,42
861021,43
861030,43
861039,45
861048,48
861059,50
861068,52
861082,55
861092,56
861102,58
861113,58
861127,60
861138,60
861150,58
861159,58
861168,56
861178,56
861188,52
861197,38
861206,19
861217,0
861229,0
861238,0
861249,0
861260,0
861270,6
861280,15
861289,22
861298,29
861307,34
861319,38
861328,40
861338,40
