954707,16
954717,16
954727,15
954736,15
954745,14
954755,15
954765,15
954779,15
954788,15
954798,16
954808,15
954817,17
954826,18
954835,16
954846,16
954855,17
954864,16
954873,16
954884,18
954893,16
954902,16
954911,16
954921,14
954931,14
954945,14
954955,15
954964,16
954974,15
954983,14
954994,16
955004,13
955014,14
955023,15
955032,14
955042,14
955052,13
955061,13
955070,14
955080,14
955090,14
955101,14
955110,15
955119,16
955128,15
955139,16
955150,15
955160,14
955170,15
955180,14
955189,14
955198,16
955208,16
955217,16
955227,16
955242,16
955251,17
955260,17
955270,16
955280,16
955289,18
955298,18
955308,17
955318,16
955327,16
955336,16
955345,17
955356,16
955365,16
955374,17
955385,16
955397,18
955406,18
955415,18
955425,16
955435,16
955444,16
955453,16
955463,16
955472,14
955482,15
955491,19
955501,19
955510,16
955520,16
955529,17
955539,18
955548,17
955557,15
955567,15
955577,15
955586,14
955597,15
955607,16
955616,17
955627,16
955636,17
955646,17
955656,15
955665,15
955674,16
955684,15
955694,17
955703,18
955712,17
955722,17
955731,18
955741,17
955750,16
955760,15
955769,16
955779,15
955788,16
955797,16
955807,16
955816,16
955826,16
955835,16
955845,17
955854,16
955864,17
955873,17
955883,16
955892,16
955901,16
955911,17
955929,15
955938,16
955949,16
955958,16
955967,16
955976,16
955986,16
955996,17
956005,17
956014,17
956024,16
956034,17
956043,15
956054,17
956063,16
956073,16
956085,16
956094,15
956103,16
956112,16
956122,18
956132,16
956141,15
956150,16
956160,17
956170,16
956179,16
956190,16
956199,13
956209,12
956219,12
956228,16
956237,16
956247,14
956257,14
956266,15
956275,14
956284,15
956295,14
956304,14
956313,14
956322,14
956333,15
956342,15
956351,15
956360,15
956370,14
956380,15
956389,15
956398,15
956409,16
956419,14
956429,15
956438,15
956447,16
956456,16
956467,15
956476,15
956485,15
956494,15
956505,16
956514,16
956523,16
956532,15
956542,16
956554,16
956563,16
956572,16
956581,16
956591,16
956601,16
956610,16
956619,16
956628,16
956639,16
956648,16
956657,18
956666,18
956677,18
956686,18
956697,17
956706,17
956716,18
956726,16
956735,16
956744,17
956753,16
956764,17
956773,16
956782,14
956793,18
956803,16
956812,16
956822,17
956833,19
956843,18
956852,19
956861,17
956871,16
956880,16
956890,17
956899,16
956910,16
956921,18
956933,17
956942,16
956953,14
956962,16
956973,16
956982,16
956991,15
957000,14
957010,15
957020,14
957029,14
957038,14
957048,15
957058,14
957069,16
957078,16
957087,16
957097,16
957107,16
957116,17
957125,16
957135,16
957145,17
957154,18
957163,16
957173,17
957184,16
957194,16
957203,16
957214,16
957225,16
957235,16
957244,16
957253,16
957263,16
957273,16
957282,16
957293,16
957304,15
957314,15
957324,16
957334,16
957344,16
957353,16
957366,14
957376,16
957385,16
957394,17
957404,17
957414,16
957425,14
957436,16
957447,18
957458,17
957468,17
957478,18
957490,16
957503,18
957512,18
957521,16
957533,15
957543,16
957552,16
957561,16
957571,16
957581,18
957590,18
957599,18
957608,18
957620,18
957631,16
957640,16
957651,15
957662,14
957671,14
957680,16
957689,16
957700,16
957709,16
957720,14
957729,16
957739,16
957748,16
957759,16
957769,16
957778,15
