1014734,0
1014745,0
1014754,0
1014763,0
1014772,8
1014784,20
1014794,29
1014803,39
1014814,48
1014823,54
1014835,54
1014844,52
1014853,50
1014863,44
1014880,40
1014891,41
1014902,44
1014914,49
1014923,53
1014932,58
1014943,62
1014955,67
1014964,71
1014974,74
1014983,77
1014994,79
1015004,80
1015013,82
1015024,86
1015033,89
1015044,92
1015053,90
1015062,79
1015073,53
1015085,25
1015096,7
1015105,0
1015115,0
1015124,4
1015134,13
1015143,21
1015153,32
1015162,43
1015174,52
1015186,61
1015196,63
1015205,62
1015217,59
1015228,54
1015237,50
1015246,48
1015256,48
1015266,50
1015277,54
1015286,58
1015298,60
1015307,66
1015316,68
1015331,71
1015343,74
1015352,75
1015361,76
1015372,78
1015382,77
1015392,76
1015401,75
1015410,66
1015421,39
1015431,14
1015442,0
1015452,0
1015461,0
1015473,0
1015482,0
1015491,0
1015502,1
1015514,12
1015523,25
1015533,34
1015542,39
1015552,43
1015561,43
1015571,40
1015580,37
1015589,34
1015601,32
1015612,32
1015621,36
1015632,40
1015642,46
1015653,52
1015664,58
1015674,63
1015684,66
1015693,68
1015704,71
1015713,72
1015724,74
1015733,74
1015742,73
1015751,73
1015762,63
1015778,24
1015787,0
1015796,0
1015805,0
1015816,0
1015827,0
1015838,0
1015847,0
1015859,0
1015868,2
1015877,12
1015886,21
1015897,29
1015906,32
1015915,31
1015926,28
1015936,25
1015946,24
1015955,24
1015966,27
1015975,30
1015987,35
1015996,40
1016006,46
1016017,52
1016028,58
1016039,63
1016049,68
1016060,71
1016070,74
1016081,75
1016092,76
1016103,76
1016114,68
1016124,47
1016135,14
1016144,0
1016156,0
1016168,0
1016178,0
1016187,0
1016197,0
1016206,0
1016223,18
1016233,30
1016244,36
1016253,38
1016262,39
1016271,38
1016282,35
1016293,34
1016302,32
1016311,34
1016325,41
1016334,46
1016343,53
1016354,62
1016365,70
1016374,77
1016383,82
1016392,86
1016402,92
1016412,94
1016421,94
1016432,93
1016441,93
1016452,92
1016461,88
1016470,74
1016479,52
1016491,24
1016501,4
1016510,0
1016522,0
1016534,0
1016543,0
1016553,8
1016564,20
1016573,28
1016583,36
1016592,44
1016612,48
1016622,47
1016633,43
1016642,40
1016652,41
1016664,40
1016673,42
1016687,50
1016698,54
1016712,59
1016721,63
1016732,68
1016743,70
1016755,70
1016764,71
1016775,71
1016784,70
1016795,71
1016809,68
1016818,64
1016828,50
1016840,22
1016849,0
1016858,0
1016867,0
1016878,0
1016887,0
1016901,0
1016910,0
1016921,2
1016931,13
1016942,23
1016952,28
1016964,29
1016973,28
1016982,26
1016991,24
1017003,24
1017016,26
1017025,28
1017034,32
1017046,36
1017057,44
1017066,49
1017077,52
1017089,58
1017100,62
1017110,62
1017119,64
1017128,65
1017138,65
1017149,66
1017160,67
1017171,66
1017183,57
1017192,38
1017202,15
1017212,0
1017223,0
1017232,0
1017243,0
1017252,0
1017262,0
1017273,0
1017282,9
1017292,16
1017302,24
1017311,28
1017322,32
1017331,31
1017341,30
1017351,27
1017360,26
1017370,26
1017379,28
1017389,30
1017398,33
1017409,38
1017420,44
1017430,47
1017440,52
1017451,60
1017460,62
1017469,66
1017481,65
1017490,66
1017500,64
1017509,64
1017524,66
1017533,67
1017543,68
1017554,62
1017564,48
1017573,25
1017582,2
1017592,0
1017602,0
1017611,0
1017620,0
1017630,0
1017640,0
1017651,0
1017660,10
1017671,18
1017680,27
1017697,32
1017707,30
1017716,28
1017725,25
1017735,22
1017745,19
1017754,19
1017763,24
1017773,28
1017784,33
1017794,39
1017803,45
1017812,53
