194411,48
194420,49
194430,51
194440,51
194449,49
194458,46
194468,42
194478,38
194487,35
194496,34
194506,35
194515,37
194525,39
194534,41
194544,42
194553,43
194563,44
194572,46
194581,47
194591,48
194600,48
194610,48
194619,48
194629,50
194638,51
194648,52
194657,54
194667,57
194676,58
194688,59
194697,60
194706,62
194716,62
194725,62
194737,62
194746,61
194755,61
194764,61
194775,60
194786,59
194795,60
194804,60
194813,60
194824,62
194833,62
194842,62
194851,62
194862,63
194872,59
194882,56
194891,49
194900,45
194910,42
194920,43
194929,44
194938,45
194948,46
194958,48
194967,49
194976,50
194985,50
194996,50
195005,50
195014,48
195025,46
195035,45
195045,44
195054,46
195063,47
195073,47
195083,47
195092,49
195103,52
195112,54
195122,56
195131,56
195141,56
195152,54
195162,52
195171,51
195180,50
195190,49
195200,48
195211,49
195220,48
195229,46
195240,43
195252,36
195261,33
195271,30
195280,30
195290,30
195299,33
195309,34
195318,38
195328,40
195337,40
195346,42
195356,42
195365,41
195377,40
195386,39
195395,33
195405,31
195415,30
195426,30
195435,31
195444,33
195454,35
195464,38
195476,41
195489,42
195499,44
195510,46
195519,47
195529,48
195538,48
195550,49
195561,50
195571,47
195581,48
195593,49
195602,50
195611,51
195620,54
195631,55
195640,56
195649,54
195660,52
195670,48
195679,43
195689,42
195698,40
195709,41
195719,42
195728,43
195738,46
195747,48
195757,50
195766,52
195776,52
195785,52
195794,52
195806,52
195815,52
195824,55
195834,54
195844,54
195853,57
195862,57
195873,61
195884,63
195893,63
195902,64
195911,66
195921,65
195931,67
195940,66
195949,64
195959,64
195969,64
195978,60
195987,60
195997,60
196006,59
196016,60
196025,61
196035,63
196044,62
196056,58
196065,54
196076,50
196085,48
196094,47
196105,49
196114,50
196123,51
196132,51
196143,52
196152,50
196163,46
196172,44
196184,43
196193,41
196202,39
196212,40
196221,40
196231,44
196240,44
196250,48
196259,51
196271,53
196280,52
196289,54
196298,55
196308,55
196318,55
196329,55
196340,53
196349,50
196359,49
196368,47
196379,48
196390,46
196401,47
196410,48
196419,45
196428,44
196439,40
196448,35
196457,31
196466,28
196477,30
196487,33
196497,35
196506,38
196515,37
196525,37
196535,35
196549,39
196560,40
196570,39
196581,38
196590,39
196600,41
196610,42
196619,45
196628,48
196638,50
196649,51
196659,54
196668,56
196677,58
196687,59
196697,57
196706,58
196715,55
196725,54
196734,52
196744,52
196753,51
196763,52
196772,54
196782,53
196791,52
196800,54
196811,52
196823,55
196834,57
196843,57
196853,57
196862,56
196872,57
196881,58
196891,57
196900,54
196910,48
196919,43
196929,40
196938,39
196947,40
196957,41
196967,44
196976,44
196985,44
196995,46
197005,48
197014,49
197023,49
197032,49
197044,47
197054,47
197063,48
197072,48
197082,51
197092,52
197101,56
197110,60
197120,62
197130,63
197139,65
197148,66
197157,64
197168,64
197177,62
197186,60
197195,62
197206,62
197215,61
197224,62
197233,61
197242,62
197253,62
197262,63
197271,64
197280,65
197291,66
197300,67
197311,67
197320,67
197329,67
197340,65
197351,63
197360,62
197369,60
197379,60
197389,59
197398,58
197407,52
197416,45
197426,40
197436,35
197445,34
197454,35
197464,36
197474,36
197483,37
197492,39
