303185,120
303195,122
303204,125
303214,130
303223,132
303233,134
303248,138
303257,140
303266,144
303276,146
303286,148
303295,151
303304,151
303314,151
303324,152
303333,153
303342,153
303352,151
303362,144
303373,127
303382,111
303391,102
303401,97
303411,98
303422,100
303431,107
303440,115
303450,121
303460,128
303469,134
303478,140
303489,145
303499,150
303509,152
303518,152
303529,153
303539,154
303550,156
303559,157
303570,160
303581,162
303590,164
303602,166
303613,167
303624,168
303634,168
303644,168
303653,167
303663,169
303674,168
303683,168
303693,169
303703,169
303712,168
303722,166
303731,160
303740,148
303750,134
303761,122
303771,119
303780,119
303790,123
303799,129
303809,135
303819,140
303830,145
303839,150
303848,154
303858,156
303867,156
303877,156
303886,156
303896,155
303905,154
303915,155
303924,156
303934,157
303943,158
303954,161
303964,163
303973,164
303983,165
303992,165
304002,166
304011,164
304021,165
304030,165
304039,165
304051,164
304060,165
304071,165
304081,162
304091,155
304100,141
304109,128
304120,116
304130,114
304140,115
304149,120
304158,125
304168,131
304178,138
304187,143
304196,148
304206,152
304216,157
304225,156
304234,157
304247,159
304257,159
304266,159
304277,160
304287,162
304299,165
304308,167
304317,168
304326,170
304336,170
304346,170
304357,172
304366,172
304375,174
304386,175
304395,177
304404,177
304413,178
304423,176
304435,171
304444,164
304453,150
304462,136
304473,124
304485,121
304494,122
304504,126
304514,131
304523,137
304532,142
304542,148
304551,154
304561,158
304571,161
304581,165
304591,166
304601,169
304610,167
304620,168
304629,168
304638,170
304648,171
304658,172
304667,172
304678,174
304688,178
304697,177
304707,178
304716,179
304726,180
304737,179
304748,179
304757,179
304766,179
304777,179
304786,178
304795,173
304804,162
304815,148
304824,134
304833,122
304843,117
304854,118
304864,122
304873,130
304882,138
304892,144
304902,150
304911,156
304920,160
304930,164
304941,165
304951,166
304960,167
304969,168
304979,168
304989,168
304998,172
305007,174
305017,175
305027,176
305041,176
305051,178
305060,178
305070,177
305079,178
305089,178
305098,178
305107,181
305117,180
305130,177
305139,176
305150,172
305160,161
305171,140
305181,121
305192,108
305202,101
305211,100
305220,106
305230,110
305240,115
305249,121
305260,128
305275,138
305285,143
305294,146
305303,149
305313,150
305323,151
305332,151
305341,151
305351,152
305360,154
305370,157
305379,160
305389,162
305398,164
305408,166
305418,168
305427,170
305436,171
305445,172
305456,172
305465,170
305474,170
305485,170
305495,170
305505,169
305515,157
305525,141
305534,124
305544,114
305554,110
305563,112
305572,118
305582,122
305592,130
305601,135
305610,141
305619,148
305630,152
305639,156
305648,160
305659,158
305669,159
305679,159
305688,158
305702,162
305714,163
305724,164
305733,166
305742,168
305752,170
305762,171
305772,172
305782,173
305792,174
305801,174
305812,176
305823,177
305832,177
305843,176
305852,173
305861,158
305872,136
305888,116
305897,110
305906,108
305915,110
305926,115
305935,121
305946,128
305955,135
305965,144
305976,150
305986,154
305996,158
306007,158
306016,160
306027,160
306036,160
306045,162
306056,165
306067,168
306076,172
306085,175
306095,177
306105,178
306114,180
306123,181
306132,182
306143,181
306152,179
306161,178
306171,177
306181,176
306190,172
306199,160
306209,142
306219,126
306228,115
306237,109
306247,108
306258,111
306268,117
