376888,134
376897,136
376906,136
376916,138
376926,138
376935,138
376944,139
376954,139
376964,138
376973,138
376982,136
376992,136
377001,136
377011,136
377020,135
377030,137
377039,137
377049,136
377060,131
377069,129
377079,126
377089,123
377098,122
377108,120
377117,118
377126,116
377138,119
377147,121
377158,125
377167,130
377178,136
377187,137
377196,132
377205,128
377216,125
377227,122
377236,121
377245,121
377254,122
377266,125
377276,126
377285,128
377294,130
377304,131
377314,132
377323,133
377332,134
377341,134
377352,136
377361,136
377370,136
377380,138
377390,138
377399,138
377408,135
377418,131
377427,127
377439,124
377448,125
377457,128
377467,131
377477,134
377486,139
377495,142
377505,143
377515,144
377524,142
377533,140
377543,138
377552,137
377562,134
377571,134
377581,134
377590,136
377600,134
377610,136
377619,139
377628,140
377637,141
377648,141
377657,142
377666,143
377675,144
377686,143
377695,144
377704,144
377713,146
377723,146
377733,146
377742,146
377751,146
377761,143
377771,137
377780,133
377790,129
377799,127
377808,128
377818,128
377828,130
377837,132
377848,135
377858,137
377867,138
377877,139
377886,140
377895,141
377905,142
377915,140
377924,140
377933,140
377943,139
377953,141
377962,142
377971,146
377980,146
377996,146
378005,146
378014,147
378024,147
378034,147
378043,147
378052,146
378063,147
378074,146
378083,144
378092,145
378101,145
378112,144
378121,146
378130,146
378140,147
378149,146
378159,142
378168,139
378178,133
378187,132
378196,130
378206,130
378216,132
378225,132
378234,134
378244,136
378254,139
378265,139
378274,142
378284,146
378293,147
378303,147
378312,146
378321,145
378331,144
378342,145
378352,145
378361,146
378371,148
378380,150
378390,151
378399,151
378408,153
378422,152
378431,151
378440,151
378450,151
378460,152
378471,151
378482,151
378491,152
378501,152
378510,152
378520,151
378529,151
378539,150
378548,150
378558,149
378567,149
378576,149
378587,149
378596,148
378607,146
378616,140
378626,136
378635,132
378645,132
378654,132
378663,133
378674,136
378683,138
378694,140
378703,141
378713,142
378723,143
378732,144
378743,145
378753,145
378766,142
378775,142
378784,144
378793,144
378804,145
378813,145
378822,146
378831,147
378842,148
378851,148
378860,148
378869,148
378880,150
378889,149
378898,150
378907,150
378917,150
378927,152
378936,150
378946,151
378955,150
378964,149
378974,149
378984,149
378993,148
379002,147
379012,146
379023,145
379033,145
379042,144
379052,142
379061,137
379071,132
379080,129
379089,127
379099,128
379109,128
379118,131
379127,133
379137,135
379147,136
379156,137
379165,138
379174,139
379185,139
379194,140
379203,140
379213,141
379223,140
379232,140
379241,140
379252,142
379262,143
379272,144
379281,146
379290,146
379301,146
379311,148
379321,149
379330,150
379339,150
379350,151
379359,151
379368,151
379377,151
379387,151
379397,151
379406,150
379415,154
379425,154
379435,154
379444,154
379459,153
379468,154
379478,153
379487,150
379497,146
379506,141
379515,138
379527,137
379538,136
379549,136
379560,138
379570,139
379579,142
379589,143
379598,143
379608,147
379617,148
379627,148
379636,149
379645,149
379656,148
379665,150
379676,150
379685,150
379695,151
379705,150
379714,148
379723,148
379732,148
379743,148
379752,150
379761,150
379770,151
379781,152
379790,153
379799,153
379808,154
379819,154
379830,157
379839,156
379850,158
379859,158
379869,158
379880,160
379889,158
379899,154
379909,148
379918,145
379928,142
379937,142
379947,141
379956,142
379966,144
