534123,16
534132,16
534141,16
534151,16
534161,18
534170,18
534179,17
534189,18
534199,18
534208,16
534217,17
534226,18
534237,18
534246,16
534255,16
534264,16
534275,16
534284,15
534296,16
534306,16
534316,18
534325,15
534334,14
534344,14
534354,15
534365,16
534374,15
534383,16
534392,14
534404,12
534414,14
534423,14
534432,15
534441,15
534452,15
534461,14
534470,14
534479,14
534490,14
534499,14
534508,14
534517,14
534528,14
534537,14
534546,15
534555,14
534565,15
534575,14
534584,15
534593,16
534603,16
534614,15
534624,16
534633,16
534644,16
534653,17
534663,16
534674,16
534683,16
534693,16
534703,15
534712,16
534721,17
534731,16
534740,16
534750,15
534761,16
534770,15
534780,14
534791,13
534802,14
534812,16
534821,16
534831,16
534840,17
534850,17
534859,18
534868,16
534878,16
534888,17
534897,17
534908,16
534918,18
534927,17
534936,18
534946,17
534956,16
534965,17
534974,18
534984,17
534993,17
535003,16
535012,16
535022,16
535031,16
535041,15
535050,17
535060,17
535069,16
535078,16
535088,16
535098,17
535107,17
535116,16
535126,16
535136,15
535145,16
535154,15
535163,15
535174,14
535183,14
535192,14
535201,14
535212,13
535221,12
535230,13
535239,13
535249,14
535259,14
535268,16
535277,16
535287,18
535297,16
535306,17
535315,16
535326,16
535335,16
535346,15
535355,16
535366,16
535375,14
535385,16
535395,15
535404,14
535413,16
535422,16
535434,17
535444,16
535453,16
535462,14
535472,16
535481,14
535491,17
535500,16
535512,18
535521,16
535530,17
535541,17
535552,15
535562,17
535572,16
535581,16
535590,16
535600,16
535610,15
535619,14
535628,15
535638,16
535648,15
535657,15
535666,15
535677,15
535687,14
535697,14
535706,14
535715,15
535725,14
535735,14
535744,14
535753,14
535762,14
535773,14
535782,15
535791,15
535800,15
535810,16
535821,16
535831,16
535840,16
535849,16
535859,17
535869,16
535878,16
535892,18
535902,18
535912,18
535922,16
535932,18
535942,18
535951,18
535960,17
535970,16
535980,16
535993,14
536002,16
536011,16
536020,16
536032,16
536041,16
536051,16
536060,17
536070,18
536079,16
536089,16
536098,16
536108,16
536119,17
536128,16
536138,15
536147,16
536157,16
536166,15
536176,15
536185,16
536195,16
536204,16
536214,14
536223,15
536232,15
536242,15
536251,16
536261,16
536270,16
536280,15
536289,14
536299,14
536308,15
536317,16
536327,16
536338,15
536348,15
536357,16
536367,16
536376,16
536386,16
536396,17
536407,18
536416,17
536425,17
536434,17
536444,15
536454,16
536463,16
536472,16
536482,14
536492,14
536501,15
536510,14
536520,14
536529,13
536539,14
536548,14
536558,14
536567,14
536577,13
536586,13
536597,12
536607,13
536624,15
536633,14
536642,16
536651,16
536662,16
536671,16
536682,17
536691,17
536700,17
536711,16
536720,17
536731,16
536740,15
536750,16
536759,15
536769,14
536780,14
536790,14
536799,14
536808,14
536819,12
536829,12
536839,13
536848,14
536857,14
536867,14
536877,16
536886,14
536895,17
536905,18
536914,18
536924,17
536933,18
536942,16
536952,16
536962,16
536971,14
536980,16
536990,14
536999,13
537011,16
537020,18
537029,17
537039,17
537049,16
537060,18
537069,16
537078,14
537089,16
537098,15
537107,14
537116,15
537125,14
537136,14
537150,14
537159,17
537170,17
537181,16
537190,16
537199,14
