3347509,17
3347519,17
3347531,15
3347543,17
3347552,16
3347562,16
3347574,18
3347585,17
3347594,17
3347603,18
3347612,20
3347625,18
3347637,17
3347646,17
3347661,16
3347671,16
3347680,16
3347695,15
3347704,13
3347714,16
3347723,17
3347734,17
3347744,16
3347755,16
3347768,16
3347779,15
3347788,16
3347800,15
3347809,14
3347822,16
3347833,15
3347843,17
3347852,17
3347863,18
3347873,16
3347883,16
3347892,17
3347901,16
3347911,17
3347922,17
3347932,17
3347941,16
3347950,16
3347960,16
3347970,16
3347981,16
3347990,17
3347999,16
3348009,16
3348019,17
3348030,16
3348039,17
3348052,16
3348064,17
3348076,15
3348087,16
3348097,15
3348107,16
3348116,18
3348125,16
3348134,16
3348145,17
3348154,17
3348163,17
3348173,16
3348183,18
3348194,17
3348203,17
3348212,17
3348224,17
3348233,16
3348244,16
3348254,18
3348267,18
3348282,16
3348291,16
3348300,17
3348310,17
3348320,16
3348332,13
3348343,15
3348355,17
3348364,18
3348374,18
3348385,16
3348395,16
3348404,16
3348415,16
3348424,16
3348435,14
3348446,16
3348460,16
3348469,18
3348480,17
3348492,16
3348507,16
3348516,17
3348526,18
3348539,16
3348550,16
3348559,14
3348571,16
3348580,17
3348589,16
3348600,15
3348611,16
3348620,16
3348629,16
3348638,16
3348649,17
3348660,16
3348669,13
3348678,14
3348687,15
3348701,18
3348710,18
3348719,18
3348729,18
3348739,17
3348750,16
3348759,16
3348768,16
3348779,16
3348788,16
3348797,16
3348806,15
3348816,14
3348826,17
3348835,17
3348845,17
3348861,16
3348871,17
3348882,13
3348894,18
3348905,18
3348916,17
3348925,17
3348934,17
3348943,17
3348954,17
3348963,17
3348972,16
3348981,16
3348995,15
3349004,15
3349015,15
3349026,16
3349036,14
3349046,15
3349057,19
3349066,18
3349079,16
3349089,18
3349098,16
3349107,16
3349121,17
3349132,16
3349141,16
3349150,15
3349161,16
3349171,16
3349186,17
3349195,17
3349204,17
3349215,17
3349226,16
3349235,17
3349246,15
3349256,15
3349267,17
3349276,17
3349286,17
3349297,16
3349308,16
3349319,16
3349329,16
3349346,18
3349355,16
3349364,17
3349376,17
3349385,16
3349396,17
3349409,18
3349421,17
3349433,16
3349444,18
3349454,15
3349466,16
3349478,18
3349487,17
3349502,15
3349512,15
3349521,16
3349531,16
3349540,16
3349550,16
3349563,17
3349572,17
3349583,16
3349593,16
3349604,16
3349613,16
3349624,13
3349635,14
3349646,15
3349655,14
3349666,18
3349676,17
3349685,17
3349695,15
3349704,17
3349715,18
3349725,16
3349734,16
3349745,18
3349758,16
3349770,16
3349781,16
3349793,16
3349805,15
3349814,15
3349825,14
3349835,16
3349848,18
3349857,19
3349867,15
3349876,15
3349890,17
3349899,16
3349908,15
3349917,16
3349927,17
3349937,17
3349946,16
3349959,14
3349970,17
3349980,16
3349991,17
3350002,18
3350011,17
3350023,18
3350032,16
3350043,14
3350052,14
3350064,17
3350074,16
3350084,16
3350094,17
3350106,17
3350115,17
3350129,16
3350139,16
3350149,17
3350161,13
3350174,18
3350183,16
3350194,14
3350206,17
3350217,16
3350226,16
3350238,15
3350248,16
3350258,16
3350268,14
3350280,15
3350289,14
3350300,17
3350309,17
3350319,17
3350330,16
3350340,16
3350352,16
3350366,15
3350375,16
3350384,16
3350393,17
3350404,16
3350413,16
3350422,16
3350433,16
3350443,16
3350453,16
3350462,16
3350471,16
3350481,16
3350491,16
3350502,16
3350513,16
3350522,16
3350534,17
3350543,17
3350552,16
3350562,16
3350572,16
3350581,17
3350590,17
3350603,18
3350612,16
