60406,16
60416,16
60425,17
60435,18
60444,19
60453,18
60463,18
60473,19
60482,19
60491,19
60500,18
60511,18
60520,20
60529,19
60538,19
60548,19
60558,18
60567,19
60576,20
60585,21
60596,20
60605,20
60614,20
60623,20
60634,19
60643,17
60652,15
60663,10
60673,8
60682,6
60695,8
60704,6
60713,7
60724,9
60733,10
60742,10
60751,12
60762,12
60771,12
60780,11
60789,12
60798,11
60809,12
60818,12
60827,12
60836,13
60847,14
60856,16
60865,17
60874,17
60884,19
60895,20
60905,21
60914,21
60923,21
60933,20
60943,20
60952,19
60961,20
60971,20
60981,22
60990,22
60999,22
61008,22
61018,22
61028,22
61037,20
61046,22
61056,20
61066,19
61075,16
61084,12
61095,9
61105,6
61114,4
61125,4
61135,6
61145,7
61154,9
61163,10
61172,11
61182,12
61192,14
61201,15
61210,14
61220,14
61230,16
61239,13
61248,13
61258,13
61268,12
61279,10
61288,11
61299,12
61308,12
61318,12
61328,13
61337,14
61346,15
61356,14
61365,15
61375,14
61384,16
61393,18
61403,17
61413,16
61422,18
61431,18
61441,17
61451,18
61460,18
61469,18
61478,19
61489,19
61498,19
61507,18
61518,19
61528,19
61537,15
61548,13
61557,9
61568,6
61577,5
61586,5
61595,6
61605,8
61615,9
61624,13
61633,11
61642,12
61652,12
61662,13
61671,12
61680,12
61690,12
61700,11
61709,12
61718,12
61728,12
61737,12
61747,13
61756,14
61767,16
61776,16
61787,17
61798,19
61807,18
61816,20
61826,19
61835,20
61845,21
61854,19
61863,18
61873,18
61883,17
61892,18
61901,16
61913,17
61922,19
61931,19
61941,19
61950,20
61960,19
61971,19
61980,20
61990,19
62000,18
62009,16
62018,9
62027,8
62038,7
62047,6
62056,6
62067,8
62076,10
62086,11
62096,12
62107,12
62116,15
62126,14
62135,14
62145,15
62154,16
62163,14
62173,14
62182,14
62192,13
62201,10
62211,11
62220,12
62230,13
62239,14
62252,18
62262,18
62271,19
62280,19
62289,20
62300,20
62309,20
62318,21
62327,20
62338,20
62347,22
62356,24
62365,24
62374,25
62386,26
62396,26
62406,26
62416,27
62428,26
62439,26
62448,27
62460,25
62471,20
62480,17
62489,12
62498,10
62508,9
62518,8
62527,10
62536,10
62545,13
62556,13
62565,15
62576,16
62585,16
62595,16
62604,15
62614,16
62623,14
62632,15
62644,14
62655,14
62664,13
62673,14
62684,16
62693,17
62702,18
62711,19
62722,20
62732,20
62742,20
62751,19
62760,19
62770,18
62780,18
62789,18
62798,18
62808,18
62819,18
62828,18
62838,19
62848,18
62857,19
62868,20
62877,18
62887,19
62897,19
62906,19
62915,18
62924,16
62935,13
62944,10
62953,8
62962,5
62972,7
62982,9
62991,9
63000,10
63010,12
63021,14
63031,13
63040,14
63049,14
63058,14
63069,13
63078,13
63087,14
63098,16
63108,15
63117,15
63127,14
63136,17
63145,18
63155,19
63165,21
63174,21
63183,21
63193,21
63203,21
63212,21
63221,20
63230,19
63240,20
63250,20
63259,18
63268,19
63280,17
63289,19
63299,18
63309,16
63320,17
63331,17
63340,18
63351,16
63361,16
63370,16
63379,14
63389,11
63398,8
63408,5
63417,4
63427,4
63436,6
63446,6
63455,8
63464,9
63474,10
63483,11
63493,12
