95959,23
95968,20
95977,16
95986,13
95996,9
96006,7
96015,8
96024,8
96035,7
96045,9
96056,11
96074,13
96083,13
96094,14
96104,12
96115,13
96125,12
96137,13
96147,12
96157,11
96166,11
96178,12
96187,12
96196,13
96205,14
96216,13
96225,15
96234,16
96243,17
96253,18
96263,18
96272,18
96281,20
96291,19
96301,20
96310,20
96319,20
96328,19
96338,20
96348,19
96357,20
96366,20
96376,20
96386,20
96395,18
96404,18
96414,18
96423,17
96433,14
96442,11
96453,9
96462,6
96473,7
96482,9
96491,10
96502,12
96512,14
96521,15
96532,16
96542,16
96551,16
96563,16
96572,16
96581,16
96590,14
96601,14
96610,14
96619,14
96628,14
96638,16
96649,16
96660,18
96670,18
96680,20
96691,20
96700,20
96709,21
96718,21
96729,21
96738,22
96747,22
96756,20
96766,20
96776,19
96787,20
96796,21
96805,20
96815,20
96825,20
96834,21
96843,21
96852,21
96864,20
96873,17
96883,13
96892,10
96902,8
96911,8
96921,8
96930,9
96940,11
96949,12
96958,14
96968,15
96977,16
96987,16
96996,15
97006,15
97015,15
97025,15
97034,15
97044,15
97053,15
97064,14
97074,15
97085,14
97094,17
97103,18
97114,19
97123,19
97132,20
97141,20
97150,20
97161,20
97170,19
97179,19
97188,19
97200,19
97210,19
97220,19
97230,18
97240,20
97249,19
97258,19
97268,19
97277,18
97287,17
97296,15
97307,12
97316,10
97327,8
97336,8
97345,7
97354,8
97364,8
97375,8
97385,9
97394,11
97403,12
97413,13
97423,14
97432,14
97441,13
97451,14
97461,14
97470,16
97479,17
97490,17
97500,17
97511,17
97520,16
97529,16
97540,17
97549,19
97558,20
97567,20
97577,22
97587,21
97596,21
97605,21
97615,22
97625,21
97634,22
97643,22
97653,22
97662,21
97672,21
97681,20
97690,20
97700,20
97710,19
97719,17
97728,14
97738,12
97747,11
97757,10
97766,12
97776,13
97785,15
97797,15
97806,16
97815,15
97824,16
97835,16
97846,14
97855,14
97864,14
97875,12
97885,13
97894,12
97904,13
97913,13
97923,14
97932,16
97942,17
97952,16
97963,18
97972,16
97981,16
97990,18
98000,19
98010,18
98019,18
98028,17
98038,16
98048,14
98057,14
98066,15
98075,16
98085,16
98095,16
98104,16
98115,16
98124,15
98136,12
98145,10
98155,8
98164,7
98173,7
98183,7
98193,8
98202,10
98211,11
98223,13
98232,14
98241,15
98251,14
98260,14
98270,14
98279,13
98289,13
98298,12
98308,12
98317,14
98326,14
98336,14
98345,14
98355,14
98364,16
98374,16
98383,17
98393,17
98402,17
98412,18
98421,20
98430,18
98440,19
98450,18
98460,16
98470,16
98480,16
98489,18
98498,18
98508,18
98518,19
98527,19
98536,19
98546,19
98555,19
98565,19
98574,15
98583,12
98593,9
98603,8
98612,8
98621,7
98631,8
98640,9
98650,10
98659,10
98668,10
98678,10
98688,10
98697,9
98706,8
98717,8
98726,10
98737,9
98746,10
98755,9
98764,11
98775,12
98784,14
98795,16
98806,18
98816,18
98825,18
98834,18
98844,18
98853,18
98863,18
98872,19
98883,19
98892,18
98903,18
98914,19
98923,19
98934,20
98944,21
98953,20
98962,21
98972,22
98981,23
98991,23
99000,24
99010,27
99019,23
99028,24
99038,20
