170210,15
170219,14
170229,14
170238,14
170248,15
170259,15
170268,15
170278,14
170288,15
170297,14
170306,14
170317,14
170327,14
170338,17
170348,18
170357,16
170366,16
170376,17
170386,17
170395,18
170404,17
170414,16
170424,18
170434,18
170444,17
170454,18
170465,18
170474,16
170483,16
170497,19
170506,18
170515,18
170525,16
170534,17
170546,16
170555,16
170564,17
170574,16
170584,16
170593,16
170602,16
170612,16
170621,16
170631,14
170642,16
170651,14
170660,15
170676,16
170685,16
170694,16
170704,16
170714,16
170723,16
170732,16
170742,16
170752,15
170761,16
170770,16
170780,16
170789,14
170799,16
170808,17
170818,16
170827,15
170836,16
170846,16
170856,17
170865,14
170874,12
170884,13
170894,14
170903,14
170912,13
170921,18
170931,14
170941,15
170950,15
170959,16
170971,16
170980,16
170990,15
171001,15
171011,14
171020,15
171029,14
171039,14
171048,16
171058,16
171067,16
171077,16
171097,15
171107,14
171116,15
171125,13
171134,13
171145,13
171154,14
171163,14
171174,14
171184,14
171193,15
171203,16
171212,14
171222,15
171231,15
171241,15
171250,14
171259,15
171269,16
171279,17
171288,16
171297,16
171307,15
171317,18
171326,18
171335,18
171344,16
171356,19
171367,16
171376,18
171386,16
171396,16
171405,15
171414,15
171425,16
171436,14
171445,16
171454,17
171463,16
171473,16
171483,16
171492,19
171501,19
171511,18
171521,18
171530,16
171539,16
171549,16
171558,16
171568,15
171577,16
171586,17
171601,16
171611,16
171620,17
171631,14
171641,14
171651,14
171660,15
171669,14
171679,14
171688,15
171698,15
171707,15
171718,14
171727,16
171738,14
171747,14
171756,14
171765,15
171776,15
171785,14
171794,15
171803,14
171813,16
171823,15
171832,15
171841,16
171851,16
171860,17
171870,16
171879,16
171889,16
171898,17
171908,18
171917,18
171927,16
171936,18
171945,18
171955,18
171965,19
171974,17
171983,18
171993,17
172003,18
172012,17
172021,16
172030,16
172041,16
172050,16
172059,16
172068,16
172079,17
172088,16
172097,16
172106,16
172116,17
172126,16
172135,16
172144,15
172154,14
172164,16
172173,16
172182,15
172192,14
172201,15
172211,16
172220,16
172229,16
172239,16
172249,16
172258,17
172269,16
172278,16
172289,16
172298,16
172307,16
172316,16
172326,16
172336,17
172345,16
172354,16
172364,16
172374,16
172383,17
172392,16
172402,14
172411,17
172421,18
172430,16
172440,17
172449,17
172459,16
172468,17
172478,16
172487,16
172496,16
172506,18
172517,17
172526,16
172536,18
172551,16
172560,16
172570,18
172579,17
172589,13
172598,14
172608,16
172617,16
172626,16
172636,15
172646,17
172655,17
172664,17
172674,15
172684,16
172693,15
172702,15
172711,14
172723,14
172732,15
172742,16
172751,14
172761,15
172770,15
172780,14
172789,15
172798,15
172808,15
172825,18
172834,18
172844,18
172853,18
172862,17
172872,16
172883,16
172893,16
172902,16
172913,16
172922,15
172933,15
172942,15
172951,16
172960,15
172971,15
172980,15
172989,15
172998,16
173008,16
173018,15
173027,16
173036,16
173045,14
173056,15
173065,15
173074,15
173083,16
173093,15
173103,16
173114,14
173123,13
173132,14
173143,17
173154,16
173166,16
173175,14
173186,14
173195,16
173204,15
173213,17
173223,16
173233,16
173242,17
173251,15
173261,16
173271,17
173280,16
173289,17
173299,16
173308,18
173318,18
173327,17
173337,18
173346,18
173356,18
173367,17
173376,16
173385,16
173395,18
173405,15
173414,16
173423,16
173433,16
173443,16
173452,15
173461,15
173472,16
173483,16
173492,17
173501,18
173510,17
173519,18
173530,17
173539,17
173550,16
173559,17
173571,17
173580,17
173590,16
173599,17
173608,17
173618,16
173628,16
173637,16
173646,16
173656,17
173667,17
173676,16
173686,17
173696,16
173705,16
173714,16
173725,16
173735,16
173745,16
173754,17
173763,16
173773,14
173783,14
173792,16
173801,16
173811,15
173824,16
173833,16
173843,17
173852,17
173861,18
173871,16
173881,16
173890,16
173899,16
173908,16
173919,15
173928,16
173937,15
173946,16
173957,16
173966,15
173975,14
173984,15
173995,14
174005,12
174015,16
174024,16
174033,16
174043,15
174053,15
174062,16
174071,15
174081,15
174091,14
174100,16
174109,16
174118,16
174129,16
174138,16
174150,13
174160,17
174170,17
174179,16
174188,16
174198,16
174208,17
174219,12
174228,15
174237,16
174247,16
174258,15
174268,16
174277,15
174286,15
174296,16
174306,16
174315,16
174326,16
174338,14
174347,16
174356,15
174365,17
174375,15
174385,16
174394,15
174405,16
174414,15
174426,15
174436,15
174446,14
174456,14
174466,16
174475,15
174486,16
174495,16
174505,17
174515,16
174524,15
174533,16
174543,17
174554,16
174564,16
174573,17
174582,16
174592,16
174602,17
174611,16
174622,17
174631,15
174641,16
174651,16
174660,16
174669,18
174679,17
174689,15
174698,16
174707,17
174716,17
174727,16
174743,17
174754,18
174764,18
174773,18
174782,17
174792,18
174801,18
174811,16
174820,16
174830,17
174839,17
174849,16
174858,17
174868,16
174877,16
174886,17
174896,16
174905,15
174915,14
174924,16
174936,17
174945,15
174954,16
174965,16
174977,14
174986,14
174996,14
175005,15
175014,14
175024,16
175035,14
175045,14
175056,14
175066,14
175075,17
175084,17
175093,16
175104,16
175113,17
175122,17
175133,14
175142,15
175153,16
175162,17
175173,16
175182,16
175192,17
175202,16
175211,14
175220,18
175229,16
175241,15
175252,14
175263,15
175272,16
175282,16
175292,15
175301,15
175310,15
175320,17
175330,16
175339,16
175348,15
175357,16
175368,15
175377,15
175386,15
175395,14
175406,16
175415,14
175424,15
175433,16
175443,16
175453,16
175462,15
175471,16
175481,16
175493,15
175502,15
175511,16
175520,15
175531,15
175540,15
175549,16
175558,16
175568,16
175578,16
175589,16
175598,16
175607,16
175617,14
175627,15
175636,16
175645,14
175654,16
175665,17
175674,17
175683,17
175692,18
175703,17
175712,17
175721,18
175730,16
175740,18
175750,15
175759,18
175768,17
175778,17
175788,17
175797,17
175806,17
175817,18
175826,17
175837,17
175846,18
175855,16
175864,16
175875,16
175884,17
175893,17
175902,16
175912,16
175922,16
175931,16
175940,15
175950,16
175960,16
175969,17
175978,15
175988,16
175997,14
176007,19
176016,15
176027,20
176037,19
176047,20
176056,18
176065,16
176075,16
176084,18
176094,16
176103,16
176113,17
176122,14
176132,16
176141,16
176151,16
176160,16
176169,17
176179,16
176188,16
176198,16
176209,17
176219,15
176228,16
176237,15
176247,15
176259,17
176268,16
176277,15
176286,16
176296,15
176306,16
176315,14
176324,14
176335,16
176345,16
176355,16
176364,15
176373,14
176385,15
176394,15
176404,15
176413,16
176422,16
176432,16
176442,16
176451,17
176463,16
176474,16
176483,16
176492,15
176501,15
176513,13
176524,15
176533,17
176543,18
176552,16
176562,15
176571,16
176582,16
176592,14
176603,16
176613,18
176622,18
176631,18
176641,16
176651,16
176660,16
176669,17
176678,17
176689,16
176698,16
176707,16
176718,18
176728,18
176738,17
176748,17
176758,16
176768,14
176782,16
176792,17
176801,16
176811,16
176820,14
176830,16
176839,16
176848,14
176858,16
176868,16
176879,18
176888,18
176898,17
176907,16
176916,15
176926,14
176941,16
176950,16
176960,16
176969,16
176978,16
176988,16
176998,16
177007,17
177016,16
177026,16
177036,16
177045,15
177054,16
177063,15
177074,13
177083,13
177092,16
177101,14
177112,14
177121,14
177130,14
177139,16
177149,16
177162,13
177171,14
177181,15
177190,15
177200,15
177209,15
177219,14
177228,15
177238,14
177247,15
177257,15
177268,15
177277,16
177289,14
177298,15
177307,14
177316,14
177327,15
177336,15
177350,17
177359,16
177370,17
177379,17
177388,18
177399,17
177409,17
177419,17
177428,16
177437,16
177446,16
177457,15
177466,16
177475,14
177486,16
177498,14
177507,16
177516,16
177526,16
177536,16
177545,16
177554,18
177564,16
177573,16
177583,16
177592,16
177602,16
177611,17
177620,16
177630,16
177639,17
177649,16
177658,15
177668,15
177677,16
177687,16
177696,17
177705,16
177715,16
177725,15
177734,16
177743,15
177753,14
177763,15
177772,16
177781,15
177790,14
177801,15
177810,15
177819,15
177828,15
177839,14
177850,13
177859,13
177868,14
177878,16
177888,16
177897,15
177906,15
177915,15
177929,13
177938,16
177947,16
177958,16
177969,18
177979,17
177989,16
178000,18
178010,16
178019,18
178028,17
178038,18
178048,18
178057,17
178066,19
178076,19
178085,19
178097,17
178106,16
178115,18
178124,16
178135,17
178144,16
178153,16
178162,14
178173,18
178185,16
178194,16
178204,16
178213,15
178223,15
178232,14
178242,15
178251,15
178268,15
178277,16
178287,16
178296,15
178306,15
178315,17
178325,15
178334,16
178345,15
178355,18
178364,16
178373,16
178384,15
178395,16
178404,15
178413,16
178422,15
178433,14
178442,14
178451,15
178460,14
178470,15
178480,14
178489,14
178498,15
178508,16
178519,15
178529,17
178538,16
178547,15
178556,16
178568,15
178578,16
178587,14
178596,16
178606,18
178616,17
178625,16
178634,14
178643,15
178655,15
178664,16
178674,16
178683,17
178693,17
178702,16
178712,16
178721,16
178731,16
178740,16
178750,16
178759,15
178768,16
178778,16
178788,16
178797,17
178808,17
178818,16
178827,16
178837,16
178846,16
178855,16
178865,16
178876,16
178885,16
178895,17
178905,16
178914,17
178923,17
178934,16
178945,18
178954,16
178965,16
178974,17
178985,16
178995,18
179004,17
179014,17
179023,16
179033,15
179042,16
179053,17
179062,16
179073,16
179082,16
179091,16
179100,17
179110,18
179120,18
179129,16
179138,18
179148,17
179158,18
179167,17
179176,18
179186,19
179195,18
179205,18
179214,18
179224,16
179233,17
179243,16
179252,17
179262,18
179271,17
179280,16
179290,17
179300,17
179309,17
179318,16
179328,16
179338,17
179347,15
179356,16
179365,14
179377,13
179387,14
179396,16
179405,15
179417,14
179426,15
179435,14
179446,14
179457,16
179466,15
179475,16
179484,14
179494,15
179504,16
179515,17
179524,17
179533,18
179543,17
179553,18
179562,18
179571,18
179580,18
179591,19
179600,18
179609,17
179618,18
179630,17
179640,16
179649,16
179658,16
179667,16
179678,16
179687,15
179696,16
179705,17
179716,16
179725,17
179734,17
179743,17
179753,18
179763,16
179772,16
179781,17
179791,17
179801,17
179810,16
179819,15
179828,16
179838,17
179850,16
179859,16
179868,16
179877,15
179888,14
179897,16
179906,17
179915,15
179926,16
179937,18
179946,18
179955,16
179966,17
179976,16
179987,16
179996,19
180006,19
180016,20
180027,19
180036,18
180045,18
180055,17
180065,17
180074,17
180083,15
180092,16
180103,16
180112,17
180121,17
180132,17
180142,16
180152,15
180161,16
180170,16
180179,17
180196,16
180206,17
180215,18
180225,16
180234,16
180244,18
180253,17
180262,18
180272,16
180282,15
180291,17
180300,16
180310,14
180326,14
180336,14
180345,15
180355,16
180364,16
180374,16
180383,15
180395,16
180404,15
180413,15
180423,16
180432,17
180442,16
180451,16
180461,16
180470,17
180480,16
180489,16
180499,16
180508,16
180517,17
180527,16
180537,16
180546,16
180555,17
180564,16
180575,17
180584,16
180593,16
180602,16
180612,17
180622,17
180631,17
180640,16
180652,16
180661,15
180671,16
180680,15
180689,16
180699,15
180709,16
180718,16
180727,17
180737,17
180747,16
180756,17
180765,18
180774,18
180785,19
180794,18
180803,18
180812,19
180823,17
180832,18
180841,18
180850,16
180860,16
180871,20
180881,18
180890,17
180899,18
180909,16
180919,16
180928,17
180939,17
180951,18
180960,16
180969,16
180980,16
180989,16
181000,16
181009,16
181018,15
181027,16
181038,15
181047,15
181056,16
181065,17
181075,17
181085,18
181094,18
181103,17
181113,16
181123,17
181132,18
181141,17
181151,16
181160,15
181170,15
181179,16
181189,18
181198,17
181208,16
181217,17
181226,17
181236,16
181245,16
181255,14
181264,15
181274,15
181283,16
181293,15
181302,15
181312,15
181321,15
181330,15
181340,14
181350,14
181359,14
181368,15
181378,14
181388,14
181397,15
181406,15
181417,13
181427,14
181437,15
181446,14
181455,14
181465,15
181475,16
181484,16
181493,16
181502,16
181513,16
181522,16
181531,16
181540,16
181551,16
181560,17
181569,15
181578,17
181588,16
181598,17
181607,17
181616,18
181625,16
181636,17
181645,16
181654,16
181663,18
181675,16
181685,16
181694,16
181703,16
181714,16
181724,17
181734,16
181744,15
181754,16
181764,16
181773,17
181782,18
181792,20
181805,18
181814,17
181824,17
181833,18
181842,18
181852,18
181862,18
181871,18
181880,18
181890,18
181900,17
181911,18
181920,16
181929,18
181939,17
181949,16
181958,18
181967,18
181977,16
181988,18
181997,16
182007,15
182017,15
182026,15
182035,14
182045,15
182054,14
182066,16
182075,16
182084,16
182094,16
182104,16
182113,15
182122,16
182132,16
182141,16
182151,16
182160,16
182170,16
182179,16
182189,16
182198,16
182208,16
182218,16
182228,15
182238,13
182247,16
182256,16
182269,16
182279,14
182288,14
182298,14
182307,14
182317,14
182326,15
182336,16
182345,16
182354,15
182366,14
182375,14
182385,15
182394,18
182404,16
182413,15
182423,16
182432,16
182441,14
182451,14
182461,14
182470,15
182479,16
182489,15
182500,14
182509,15
182519,14
182529,16
182538,14
182549,16
182558,14
182569,18
182580,18
182589,17
182598,16
182607,16
182619,16
182628,15
182643,16
182652,15
182662,15
182672,15
182681,14
182690,15
182700,15
182711,16
182721,16
182730,16
182742,16
182751,16
182760,16
182769,16
182779,17
182789,16
182798,16
182807,16
182817,18
182827,17
182836,16
182845,16
182855,17
182864,17
182874,14
182883,16
182893,14
182902,17
182912,16
182921,15
182932,14
182942,15
182951,14
182961,14
182972,18
182981,18
182990,16
183001,16
183010,18
183019,19
183028,18
183038,18
183048,18
183057,18
183066,14
183076,14
183086,14
183095,14
183104,16
183114,14
183123,13
183133,16
183142,14
183152,14
183161,14
183171,15
183182,14
183191,14
183200,15
183211,16
183220,15
183229,16
183238,16
183248,15
183258,16
183269,16
183278,14
183287,16
183298,16
183307,16
183316,17
183325,17
183335,15
183345,15
183354,17
183363,18
183373,17
183383,17
183392,16
183401,17
183410,17
183420,17
183430,16
183439,16
183448,16
183458,16
183468,16
183477,14
183488,15
183497,14
183507,14
183517,15
183526,16
183535,16
183545,15
183555,14
183564,15
183573,16
183583,15
183592,14
183602,14
183611,14
183621,16
183630,14
183640,16
183649,16
183659,16
183668,15
183683,17
183692,18
183702,18
183711,17
183720,16
183730,17
183740,17
183749,18
183758,17
183768,17
183779,17
183789,16
183800,16
183810,15
183819,14
183828,16
183838,16
183847,16
183859,12
183868,16
183877,16
183886,14
183897,15
183906,16
183915,16
183924,16
183934,16
183944,16
183953,16
183962,17
183972,16
183982,16
183993,16
184002,15
184011,16
184020,17
184031,17
184040,18
184049,17
184058,17
184069,17
184078,17
184087,16
184096,16
184107,16
184116,18
184125,16
184134,16
184144,16
184154,18
184163,18
184172,19
184182,18
184192,18
184201,19
184210,18
184220,18
184229,18
184239,17
184248,15
184258,16
184267,16
184276,16
184286,16
184296,15
184305,16
184314,14
184324,16
184334,16
184350,17
184359,17
184371,16
184380,16
184389,16
184399,16
184409,16
184418,16
184427,15
184437,18
184446,17
184456,16
184465,16
184476,18
184485,17
184496,18
184505,17
184514,18
184523,17
184534,16
184543,18
184552,17
184561,16
184571,16
184581,17
184590,17
184599,18
184609,16
184619,17
184628,17
184637,17
184647,17
184656,16
184666,17
184675,16
184685,16
184694,14
184706,19
184715,19
184724,19
184735,18
184744,17
184755,16
184764,16
184773,15
184784,15
184794,14
184805,15
184815,14
184824,15
184834,16
184843,17
184853,16
184862,16
184871,16
184881,16
184890,16
184901,16
184911,16
184923,15
184932,16
184941,16
184950,16
184961,16
184971,14
184981,15
184990,15
184999,16
185009,18
185019,17
185028,16
185037,16
185047,16
185057,16
185066,17
185075,16
185084,16
185095,17
185104,18
185113,18
185122,17
185134,18
185144,17
185153,17
185162,16
185171,17
185182,16
185192,16
185202,16
185213,16
185223,16
185232,16
185241,15
185251,16
185261,16
185270,16
185279,16
185289,16
185298,15
185310,16
185319,16
185328,17
185337,16
185348,16
185357,16
185366,16
185375,16
185385,16
185395,16
185406,16
185415,16
185424,17
185435,16
185444,16
185455,16
185464,16
185474,16
185483,16
185493,17
185504,15
185513,16
185523,16
185532,16
185542,16
185551,15
185563,16
185572,15
185581,15
185590,16
185601,16
185610,15
185619,16
185628,17
185638,19
185648,18
185657,18
185666,18
185676,17
185688,16
185697,17
185706,18
185715,18
185725,18
185735,17
185744,18
185753,17
185763,16
185773,16
185782,18
185791,18
185801,18
185810,17
185820,16
185829,16
185838,15
185848,16
185858,13
185869,13
185878,14
185887,15
185897,15
185907,15
185916,14
185925,16
185935,13
185945,16
185954,18
185965,16
185974,16
185984,16
185994,16
186003,16
186016,16
186025,15
186035,16
186044,14
186054,15
186063,15
186075,16
186084,15
186093,16
186104,15
186114,14
186124,15
186133,14
186142,15
186151,15
186162,14
186171,14
186180,14
186189,15
186201,14
186210,16
186220,16
186229,16
186238,17
186248,16
186259,16
186269,18
186281,16
186293,17
186302,16
186312,17
186321,18
186331,18
186340,18
186350,18
186359,16
186369,18
186378,18
186388,16
186397,16
186406,17
186416,16
186425,16
186438,15
186447,16
186458,16
186467,17
186476,16
186485,16
186496,16
186505,16
186514,16
186523,16
186533,16
186543,16
186552,16
186561,16
186572,16
186582,17
186592,16
186603,17
186612,16
186621,16
186631,16
186641,14
186650,15
186661,14
186671,14
186680,14
186689,14
186699,15
186711,15
186720,14
186729,13
186738,14
186748,14
186758,15
186767,14
186776,14
186786,14
186797,14
186807,15
186816,14
186825,16
186836,16
186846,14
186856,16
186865,16
186874,15
