213861,16
213870,17
213880,16
213890,15
213899,16
213908,15
213918,14
213928,16
213940,17
213950,16
213959,16
213968,16
213978,16
213988,15
213997,14
214006,14
214016,16
214026,15
214035,15
214044,15
214053,16
214064,15
214073,15
214082,15
214091,16
214102,16
214116,16
214125,16
214134,17
214145,16
214154,15
214163,14
214172,15
214182,15
214192,16
214201,14
214210,16
214220,16
214230,15
214239,14
214248,15
214258,15
214267,16
214277,15
214286,15
214296,14
214305,16
214315,15
214324,16
214334,16
214343,16
214352,16
214362,16
214373,16
214383,18
214392,18
214402,16
214411,16
214422,15
214431,15
214441,16
214451,16
214460,17
214469,18
214479,16
214489,18
214498,17
214507,16
214517,16
214526,15
214536,16
214547,18
214556,16
214566,17
214576,16
214585,17
214594,16
214604,16
214615,16
214626,16
214637,16
214647,16
214657,17
214666,18
214675,18
214684,17
214694,19
214706,18
214717,18
214727,16
214737,15
214747,15
214758,14
214769,15
214784,16
214793,17
214803,16
214812,16
214821,16
214831,16
214841,16
214850,16
214859,15
214868,14
214879,16
214888,15
214899,15
214910,12
214920,14
214929,18
214938,16
214948,16
214958,16
214967,16
214976,17
214986,15
214995,17
215005,16
215014,15
215024,16
215033,16
215043,15
215052,15
215062,16
215071,16
215080,15
215090,16
215100,17
215109,18
215118,19
215130,18
215139,18
215149,18
215158,16
215168,16
215177,17
215187,18
215196,17
215205,16
215215,16
215225,14
215234,18
215243,16
215252,17
215263,17
215272,16
215281,16
215290,16
215301,15
215310,15
215319,15
215328,16
215337,16
215348,15
215357,17
215366,17
215375,18
215386,16
215395,16
215404,16
215413,17
215424,15
215433,15
215442,14
215451,16
215461,17
215471,15
215482,16
215493,16
215502,16
215512,17
215522,18
215531,17
215540,18
215549,18
215559,19
215569,17
215578,17
215587,16
215597,17
215607,16
215616,16
215625,16
215636,17
215646,17
215656,16
215665,16
215674,15
215684,16
215694,16
215708,15
215717,16
215728,16
215737,15
215746,16
215755,17
215766,16
215775,15
215784,15
215793,16
215803,17
215813,17
215822,16
215831,16
215841,17
215851,15
215860,15
215869,14
215878,14
215888,14
215898,14
215907,15
215916,15
215926,14
215936,14
215945,14
215954,15
215964,15
215973,14
215983,15
215992,14
216002,15
216011,14
216023,14
216032,15
216041,15
216051,16
216060,15
216070,14
216079,15
216089,16
216098,17
216108,16
216117,17
216128,16
216137,16
216147,16
216157,16
216166,16
216175,16
216185,16
216200,18
216209,17
216219,16
216228,17
216238,17
216247,16
216257,18
216266,15
216275,17
216285,16
216295,18
216304,17
216315,18
216327,18
216336,17
216345,18
216356,15
216366,16
216377,15
216386,15
216397,13
216408,13
216417,15
216426,16
216435,16
216445,14
216455,15
216464,16
216473,17
216483,17
216493,16
216502,16
216511,16
216522,15
216531,14
216543,14
216553,14
216562,14
216571,15
216581,16
216592,15
216602,15
216611,16
216621,16
216630,16
216640,15
216649,16
216658,16
216668,15
216678,14
216687,16
216696,16
216706,16
216715,15
216726,16
216736,16
216748,14
216757,16
216766,18
216775,16
216785,16
216796,16
216806,17
216815,17
216824,16
216834,16
216844,15
216853,15
216862,17
216871,16
216882,16
216891,15
216900,14
216909,16
216920,15
216931,15
216940,17
