644313,17
644322,16
644331,16
644340,16
644350,18
644361,16
644374,16
644383,18
644392,18
644403,15
644412,14
644421,16
644432,15
644442,15
644452,14
644461,14
644472,13
644484,16
644493,15
644502,16
644511,17
644523,17
644534,17
644545,16
644556,15
644566,14
644579,15
644588,16
644599,16
644609,15
644619,14
644628,18
644639,17
644654,17
644663,16
644674,19
644683,18
644695,16
644704,17
644722,17
644731,15
644745,18
644754,18
644765,14
644774,16
644785,19
644794,17
644803,18
644812,16
644824,18
644834,17
644846,17
644857,14
644867,16
644878,15
644888,18
644897,16
644909,14
644920,15
644929,16
644938,15
644947,15
644958,18
644967,19
644976,15
644985,17
644996,18
645005,18
645014,16
645023,18
645035,18
645044,16
645054,16
645063,16
645074,17
645084,17
645093,16
645104,16
645115,17
645125,16
645135,17
645144,16
645153,16
645163,18
645173,17
645184,16
645193,16
645202,16
645212,15
645223,17
645236,16
645249,16
645260,17
645269,19
645279,16
645288,17
645302,14
645311,16
645320,15
645331,16
645341,17
645352,15
645361,16
645371,16
645381,17
645397,14
645408,14
645417,15
645427,15
645438,16
645451,14
645460,16
645470,16
645480,16
645489,16
645498,16
645508,15
645518,18
645527,17
645538,16
645548,16
645559,16
645575,16
645584,15
645596,17
645605,16
645621,18
645632,16
645643,16
645655,15
645666,14
645676,14
645686,15
645698,16
645707,17
645718,16
645727,16
645736,15
645745,16
645755,16
645765,15
645774,16
645783,15
645793,16
645803,15
645812,16
645821,18
645831,16
645840,17
645852,16
645863,13
645872,16
645881,16
645891,14
645901,14
645917,17
645926,14
645936,15
645945,14
645955,17
645964,17
645974,16
645983,17
645993,16
646002,17
646011,16
646021,16
646031,17
646040,16
646049,17
646059,16
646072,16
646083,14
646092,16
646102,16
646112,16
646121,17
646130,19
646139,18
646156,16
646167,16
646177,17
646189,16
646201,18
646210,17
646221,18
646235,18
646246,19
646255,18
646264,17
646274,16
646285,16
646298,16
646309,16
646321,15
646330,14
646339,16
646350,14
646362,12
646371,15
646384,16
646398,16
646409,17
646418,17
646429,15
646440,16
646450,15
646459,16
646470,16
646484,18
646495,16
646504,16
646515,16
646524,16
646534,15
646545,14
646554,15
646564,15
646575,19
646585,19
646594,15
646608,18
646619,16
646628,16
646637,17
646646,16
646658,17
646668,17
646677,16
646686,14
646695,16
646706,16
646716,18
646726,16
646735,15
646745,16
646754,16
646765,14
646778,15
646790,16
646809,16
646819,15
646834,17
646843,18
646852,17
646862,19
646872,16
646884,18
646894,16
646903,15
646915,16
646924,17
646933,17
646943,16
646952,16
646965,16
646976,15
646987,16
647006,16
647017,15
647026,15
647035,14
647046,14
647057,16
647066,16
647077,16
647089,16
647098,15
647107,16
647116,16
647132,15
647141,15
647150,16
647159,17
647171,16
647181,14
647190,14
647199,18
647208,16
647220,18
647230,17
647239,17
647251,16
647262,16
647271,16
647280,17
647289,17
647301,15
647310,15
647323,16
647332,16
647344,16
647355,16
647364,16
647375,18
647386,16
