880762,15
880772,16
880781,19
880791,15
880800,18
880813,16
880824,15
880834,16
880843,16
880855,16
880867,16
880877,16
880886,16
880896,17
880905,16
880914,18
880925,17
880935,16
880945,16
880957,15
880967,17
880978,13
880990,15
880999,16
881008,14
881022,16
881034,16
881043,15
881053,16
881062,17
881075,13
881085,16
881094,16
881107,16
881117,16
881126,17
881144,15
881154,15
881163,16
881174,17
881183,16
881195,17
881205,16
881214,14
881223,17
881234,15
881244,16
881255,18
881266,17
881277,17
881287,17
881296,15
881309,14
881318,16
881329,17
881338,16
881352,17
881361,16
881372,16
881383,14
881392,17
881401,15
881413,16
881422,16
881432,16
881441,16
881451,17
881460,16
881470,14
881484,16
881498,16
881508,16
881519,16
881529,15
881539,16
881551,16
881562,16
881572,16
881582,17
881591,16
881600,17
881615,15
881625,14
881634,17
881644,16
881653,17
881662,17
881674,16
881683,16
881692,16
881705,15
881717,14
881728,16
881737,17
881746,17
881757,17
881766,16
881777,16
881789,16
881801,14
881812,17
881821,17
881832,14
881846,15
881857,14
881868,15
881878,16
881887,18
881896,17
881907,17
881916,15
881928,17
881939,16
881949,16
881958,17
881968,17
881979,16
881988,13
881997,16
882008,16
882017,16
882031,17
882040,20
882051,14
882060,17
882071,16
882080,16
882089,16
882100,16
882110,15
882120,16
882131,18
882142,15
882152,16
882161,16
882172,15
882182,17
882191,17
882201,16
882210,16
882220,16
882229,16
882245,16
882255,17
882267,17
882281,16
882290,17
882301,17
882311,18
882324,16
882335,16
882344,18
882354,17
882367,14
882378,17
882387,16
882397,16
882408,16
882422,15
882433,15
882443,18
882453,17
882464,16
882476,17
882485,17
882496,16
882505,14
882516,15
882528,14
882542,17
882555,13
882567,14
882576,16
882585,15
882594,17
882606,17
882616,16
882626,16
882636,17
882646,15
882659,16
882668,16
882679,17
882696,17
882707,16
882716,17
882725,17
882735,14
882745,15
882756,16
882767,16
882778,14
882788,15
882797,16
882808,17
882818,16
882827,18
882837,16
882847,17
882863,18
882872,15
882881,17
882891,14
882908,16
882919,16
882928,16
882937,14
882947,15
882957,18
882966,16
882975,16
882984,16
882998,17
883009,16
883018,16
883027,17
883041,16
883052,15
883061,17
883070,17
883084,16
883095,15
883107,16
883118,15
883129,17
883138,16
883147,17
883161,14
883170,15
883179,15
883188,16
883198,16
883208,16
883217,15
883226,17
883236,16
883247,17
883257,16
883266,15
883275,16
883284,17
883295,17
883304,16
883313,16
883322,16
883333,15
883347,17
883356,17
883365,16
883376,18
883385,16
883396,15
883407,18
883417,16
883426,18
883435,18
883445,16
883460,14
883469,14
883479,15
883488,15
883497,17
883511,16
883520,16
883531,16
883540,16
883550,16
883561,16
883570,16
883580,16
883590,18
883606,16
883615,16
883625,14
883636,14
883647,14
883657,17
883666,17
883678,14
883687,16
883696,16
883705,16
883717,16
883727,17
883738,18
883747,16
883759,18
883768,18
883779,16
883795,15
883807,17
883816,16
883825,16
883843,19
