985607,15
985616,18
985625,16
985634,17
985645,16
985657,15
985673,15
985682,16
985693,18
985702,18
985716,17
985725,17
985737,18
985752,18
985761,17
985771,16
985781,16
985791,16
985802,16
985812,16
985824,14
985833,16
985842,15
985851,14
985861,14
985879,14
985889,16
985900,14
985910,16
985929,16
985939,15
985952,18
985965,16
985974,17
985986,13
985997,14
986006,15
986015,15
986029,15
986040,16
986051,16
986061,17
986073,16
986084,17
986094,18
986104,16
986118,17
986127,16
986137,16
986151,15
986165,15
986175,16
986186,16
986196,16
986206,14
986215,14
986224,17
986234,15
986245,14
986256,14
986267,12
986277,15
986287,14
986296,14
986305,13
986316,16
986326,15
986336,16
986345,17
986354,16
986363,16
986377,14
986386,18
986397,16
986408,16
986418,16
986428,16
986437,16
986446,16
986456,18
986471,16
986480,16
986489,15
986499,17
986510,16
986519,16
986529,16
986546,17
986555,17
986564,18
986574,16
986585,16
986595,16
986614,16
986628,16
986639,16
986648,17
986657,17
986667,16
986677,16
986686,15
986697,15
986706,15
986716,16
986726,14
986737,17
986746,17
986758,16
986767,16
986776,18
986785,16
986796,18
986807,15
986821,16
986832,12
986842,13
986851,15
986860,14
986871,15
986887,17
986896,18
986905,16
986914,15
986926,15
986935,16
986946,16
986956,16
986966,16
986975,16
986984,16
986994,17
987003,16
987016,16
987027,16
987037,17
987047,16
987058,15
987067,16
987078,16
987087,16
987101,15
987112,14
987122,16
987136,17
987147,16
987158,15
987167,16
987176,14
987187,16
987196,16
987205,16
987214,15
987225,16
987237,16
987248,14
987257,16
987269,16
987280,15
987289,15
987299,16
987309,16
987320,16
987329,17
987340,17
987350,16
987359,16
987369,16
987378,16
987390,17
987402,16
987413,16
987424,15
987433,18
987445,18
987456,18
987465,15
987476,15
987488,16
987498,16
987508,16
987518,18
987528,17
987539,15
987550,13
987563,15
987573,14
987583,16
987593,16
987602,16
987612,15
987621,16
987631,14
987642,15
987652,16
987666,16
987679,17
987691,17
987700,16
987709,15
987718,16
987728,16
987739,17
987752,16
987763,12
987772,14
987786,17
987795,16
987808,16
987819,16
987834,16
987846,16
987855,16
987867,17
987878,17
987889,16
987902,17
987914,16
987926,15
987936,16
987947,15
987957,15
987968,16
987980,15
987990,15
988000,14
988011,16
988020,16
988032,17
988041,15
988052,16
988064,14
988075,16
988084,15
988095,15
988106,15
988119,16
988129,16
988138,16
988147,16
988156,16
988167,17
988176,16
988187,19
988196,17
988206,18
988215,15
988226,16
988237,16
988252,18
988262,18
988271,16
988280,17
988290,16
988300,17
988309,16
988318,16
988329,16
988339,16
988350,15
988360,16
988370,13
988381,15
988392,15
988406,15
988416,19
988425,15
988435,16
988445,14
988456,14
988467,16
988476,16
988485,16
988496,16
988510,16
988519,16
988530,16
988539,17
988549,14
988558,15
988568,17
988579,18
988589,16
988598,15
988607,16
988620,16
988630,17
988639,15
988650,15
988660,16
988673,15
