1041197,17
1041207,16
1041216,17
1041227,16
1041239,16
1041251,13
1041260,14
1041270,15
1041280,16
1041289,18
1041299,18
1041309,15
1041320,16
1041331,17
1041342,16
1041356,18
1041366,18
1041375,16
1041386,17
1041399,18
1041409,17
1041420,17
1041433,16
1041444,16
1041454,17
1041465,15
1041476,17
1041487,17
1041497,15
1041508,14
1041519,16
1041530,16
1041540,16
1041549,17
1041560,16
1041569,16
1041581,15
1041590,14
1041601,15
1041611,16
1041623,15
1041634,15
1041643,16
1041654,15
1041664,16
1041673,16
1041684,16
1041695,16
1041704,16
1041716,16
1041727,15
1041742,18
1041752,14
1041761,16
1041776,17
1041787,17
1041799,17
1041813,18
1041822,17
1041831,17
1041842,14
1041851,14
1041860,16
1041871,15
1041881,16
1041896,18
1041905,16
1041914,15
1041924,16
1041934,16
1041943,15
1041952,15
1041964,16
1041973,17
1041983,16
1041993,16
1042003,17
1042015,16
1042024,16
1042033,16
1042042,19
1042054,18
1042064,16
1042075,16
1042089,18
1042099,16
1042108,15
1042119,16
1042130,16
1042140,15
1042151,16
1042161,16
1042170,14
1042185,16
1042194,16
1042205,17
1042215,16
1042226,16
1042237,15
1042248,18
1042259,16
1042270,17
1042279,16
1042290,15
1042299,17
1042309,16
1042318,15
1042328,16
1042347,16
1042357,16
1042367,15
1042376,15
1042393,16
1042402,17
1042413,16
1042423,16
1042436,17
1042447,15
1042456,14
1042469,15
1042481,15
1042490,17
1042499,16
1042510,14
1042521,14
1042530,16
1042542,13
1042553,14
1042569,15
1042578,16
1042587,16
1042598,16
1042609,16
1042618,15
1042629,16
1042638,15
1042650,16
1042661,15
1042672,16
1042683,15
1042693,16
1042702,16
1042713,16
1042726,16
1042736,16
1042745,16
1042754,16
1042765,17
1042776,18
1042785,18
1042798,17
1042807,17
1042817,16
1042826,18
1042837,16
1042848,14
1042857,16
1042868,15
1042877,16
1042888,16
1042903,16
1042914,17
1042925,17
1042934,17
1042945,16
1042954,17
1042963,17
1042976,17
1042985,15
1042995,17
1043005,16
1043014,16
1043023,16
1043035,16
1043044,16
1043054,18
1043068,17
1043080,17
1043089,17
1043098,18
1043108,15
1043118,16
1043127,16
1043136,17
1043146,17
1043159,18
1043170,17
1043179,16
1043189,16
1043201,14
1043211,15
1043222,18
1043233,16
1043245,15
1043256,14
1043267,14
1043276,15
1043288,15
1043298,14
1043307,16
1043318,16
1043330,16
1043339,16
1043348,15
1043359,17
1043368,16
1043380,15
1043390,15
1043399,16
1043439,18
1043450,18
1043463,15
1043474,16
1043483,14
1043496,14
1043506,15
1043516,15
1043526,16
1043536,15
1043549,17
1043559,16
1043568,16
1043579,15
1043594,16
1043603,18
1043614,15
1043628,16
1043637,16
1043646,16
1043657,17
1043668,16
1043680,18
1043689,14
1043699,15
1043709,16
1043720,15
1043736,16
1043745,16
1043755,17
1043772,16
1043782,16
1043793,17
1043804,17
1043813,14
1043822,16
1043831,16
1043843,15
1043856,16
1043867,15
1043879,16
1043890,17
1043901,16
1043910,15
1043919,15
1043929,15
1043939,15
1043950,16
1043959,16
1043969,14
1043978,17
1043988,16
1043997,16
1044008,16
1044020,15
1044031,15
1044040,16
1044051,16
1044061,16
1044070,15
1044080,17
1044089,15
1044101,16
1044110,16
1044126,16
1044136,16
1044146,15
1044155,16
1044164,16
1044174,16
1044186,16
1044196,16
1044207,15
1044218,16
1044230,16
1044241,12
1044252,12
1044261,15
