1111845,15
1111855,16
1111870,16
1111879,16
1111890,16
1111900,18
1111910,14
1111920,16
1111930,18
1111940,17
1111949,17
1111958,16
1111969,16
1111980,16
1111989,15
1112000,14
1112009,16
1112018,16
1112029,18
1112038,15
1112051,15
1112060,15
1112072,15
1112081,16
1112090,15
1112101,14
1112111,16
1112122,15
1112132,15
1112141,15
1112154,17
1112164,16
1112175,14
1112195,16
1112206,16
1112217,16
1112230,16
1112240,17
1112249,16
1112258,16
1112268,14
1112278,16
1112287,16
1112296,16
1112307,14
1112318,15
1112329,15
1112338,16
1112352,16
1112361,14
1112372,15
1112381,16
1112397,16
1112407,16
1112422,16
1112431,16
1112440,14
1112452,14
1112467,16
1112478,15
1112487,16
1112497,16
1112508,14
1112517,16
1112527,14
1112542,15
1112553,18
1112564,16
1112581,18
1112592,16
1112601,16
1112610,16
1112621,15
1112638,16
1112649,17
1112660,16
1112672,15
1112685,15
1112694,16
1112704,16
1112713,17
1112723,16
1112732,16
1112741,16
1112753,16
1112764,16
1112777,14
1112786,15
1112796,15
1112806,15
1112815,14
1112827,15
1112841,18
1112852,16
1112861,16
1112877,16
1112886,14
1112895,16
1112904,16
1112914,15
1112926,15
1112937,14
1112946,13
1112955,15
1112965,15
1112975,16
1112984,17
1112995,16
1113008,20
1113019,16
1113030,16
1113039,14
1113051,16
1113066,17
1113078,15
1113089,16
1113098,16
1113107,16
1113116,14
1113132,16
1113143,16
1113154,19
1113163,16
1113172,16
1113182,14
1113197,15
1113206,16
1113216,16
1113226,16
1113235,15
1113244,14
1113253,14
1113267,14
1113276,15
1113286,15
1113296,14
1113307,15
1113316,15
1113329,16
1113338,16
1113350,16
1113361,17
1113370,15
1113379,14
1113389,16
1113399,15
1113408,16
1113417,16
1113426,16
1113438,15
1113449,16
1113462,15
1113474,16
1113485,16
1113494,16
1113505,16
1113517,16
1113526,16
1113537,15
1113550,16
1113560,18
1113569,16
1113580,17
1113589,16
1113601,15
1113611,16
1113620,16
1113629,14
1113638,16
1113652,14
1113661,16
1113672,15
1113681,14
1113693,15
1113703,15
1113713,16
1113723,15
1113733,17
1113744,16
1113755,17
1113767,15
1113781,16
1113790,17
1113800,16
1113809,15
1113824,16
1113835,15
1113844,17
1113854,18
1113869,17
1113880,18
1113889,15
1113901,16
1113916,16
1113925,16
1113936,15
1113946,17
1113957,15
1113968,15
1113979,14
1113991,17
1114002,14
1114011,14
1114020,15
1114030,14
1114040,15
1114051,17
1114060,15
1114070,16
1114081,15
1114090,15
1114100,16
1114109,15
1114121,15
1114132,16
1114141,15
1114150,16
1114160,15
1114170,15
1114182,16
1114193,17
1114203,16
1114214,16
1114224,16
1114233,18
1114243,18
1114252,16
1114263,18
1114273,17
1114283,14
1114294,16
1114303,16
1114319,16
1114329,15
1114340,17
1114350,15
1114359,15
1114369,16
1114380,18
1114389,15
1114399,16
1114416,16
1114425,16
1114434,16
1114447,14
1114457,16
1114466,16
1114483,13
1114492,15
1114502,16
1114511,17
1114528,17
1114539,17
1114549,16
1114558,16
1114569,16
1114578,15
1114588,14
1114599,15
1114610,17
1114621,16
1114640,16
1114651,15
1114660,15
1114670,14
1114680,14
1114689,15
1114698,15
1114708,15
1114718,16
1114729,17
1114738,18
1114747,17
1114757,17
1114768,14
1114783,16
1114792,16
1114802,16
1114812,15
1114823,16
1114835,16
1114845,17
1114856,18
1114866,15
1114875,16
1114887,16
1114896,15
1114907,16
1114916,14
