767253,74
767264,74
767273,74
767283,73
767294,72
767305,71
767315,71
767328,70
767338,69
767347,69
767356,68
767366,68
767377,67
767388,66
767397,66
767407,65
767417,64
767426,60
767435,56
767444,50
767455,42
767464,35
767474,27
767485,22
767495,20
767505,20
767515,19
767526,20
767536,20
767547,22
767558,24
767567,26
767577,28
767586,30
767597,32
767606,33
767619,34
767630,34
767639,34
767651,36
767662,40
767671,41
767680,42
767689,41
767699,42
767710,42
767721,41
767730,40
767740,40
767751,39
767761,38
767770,39
767779,40
767791,39
767800,38
767809,38
767818,39
767830,40
767839,40
767850,43
767859,44
767872,45
767883,43
767892,39
767902,33
767911,26
767921,21
767930,18
767941,15
767950,14
767962,14
767971,14
767982,16
767995,19
768006,21
768019,25
768028,29
768039,32
768049,35
768060,38
768071,40
768081,42
768092,43
768102,44
768112,45
768121,46
768134,48
768145,50
768155,50
768165,50
768178,50
768191,50
768202,50
768212,51
768227,49
768236,48
768246,48
768256,47
768265,46
768274,46
768285,46
768294,46
768304,46
768314,45
768324,43
768335,38
768345,32
768355,26
768367,19
768376,16
768386,12
768397,12
768408,11
768417,12
768428,12
768438,12
768451,13
768460,14
768471,13
768480,14
768489,14
768499,14
768509,14
768519,15
768530,16
768544,18
768553,19
768565,21
768577,23
768586,24
768598,26
768607,26
768616,27
768625,27
768636,28
768646,29
768657,31
768672,34
768684,35
768693,35
768702,35
768712,38
768721,39
768732,38
768742,34
768751,30
768762,22
768773,17
768784,12
768793,10
768803,9
768813,9
768822,8
768831,10
768842,11
768851,13
768861,16
768872,20
768881,23
768891,25
768902,27
768912,28
768922,29
768931,29
768943,31
768952,32
768963,32
768972,33
768983,34
768992,34
769001,34
769010,36
769020,36
769037,38
769051,39
769061,39
769072,40
769081,40
769092,40
769101,40
769111,38
769120,37
769131,38
769140,38
769149,39
769161,40
769170,38
769180,34
769189,29
769202,22
769211,17
769222,14
769231,10
769243,11
769252,10
769261,11
769271,11
769282,13
769292,14
769301,16
769313,18
769325,20
769335,22
769346,24
769358,26
769368,28
769380,30
769394,32
769408,34
769419,35
769430,36
769440,36
769451,36
769464,36
769475,35
769486,34
769496,34
769507,34
769516,33
769525,32
769534,32
769545,30
769554,31
769563,32
769572,33
769584,34
769593,34
769604,34
769617,34
769628,32
769637,27
769648,20
769661,14
769671,10
769681,9
769694,9
769707,10
769716,12
769726,13
769735,14
769746,16
769756,17
769767,19
769776,20
769788,22
769800,22
769812,22
769825,22
769838,24
769849,24
769858,26
769869,26
769881,28
769890,30
769899,32
769908,34
769920,36
769929,37
769940,39
769949,40
769960,42
769970,42
769982,44
769993,44
770002,46
770015,46
770026,47
770037,48
770046,49
770056,48
770067,48
770080,42
770091,36
770100,32
770109,28
770118,26
770129,24
770139,24
770150,24
770162,25
770171,28
770182,28
770194,30
770203,32
770212,35
770224,34
770233,33
770245,32
770254,32
770265,31
770274,32
770283,33
770295,35
770306,34
770315,36
770325,37
770335,37
770344,32
770354,28
770365,24
770374,23
770385,23
770395,24
770404,24
770415,27
770429,29
770440,31
770449,32
770459,32
770468,35
770478,37
770487,38
770498,36
770507,32
770518,27
770527,22
770538,18
770548,14
770558,14
770568,14
770583,16
770592,17
770604,17
770613,19
770622,21
770633,24
770642,27
770654,28
770663,30
770673,32
770682,34
770693,35
770703,36
770712,36
770723,37
770733,37
770742,38
770751,38
770761,38
770771,40
770782,40
770791,40
770803,41
770812,42
770824,42
770833,43
770842,43
770852,43
770862,44
770875,44
770886,44
770895,45
770907,46
770916,46
770925,44
770936,39
770946,34
770957,26
770966,20
770976,16
770987,15
770997,13
771007,14
771016,14
771026,16
771037,17
771049,20
771060,23
771072,27
771084,28
771096,30
771105,30
771117,30
771128,30
771137,31
771148,30
771159,30
771168,31
771179,32
771188,33
771198,33
771209,35
771219,36
771229,36
771240,34
771252,36
771262,36
771272,36
771284,36
771297,37
771309,38
771320,39
771330,40
771340,38
771350,40
771360,40
771371,41
771381,39
771391,36
771400,30
771410,26
771422,24
771431,26
771444,26
771453,26
771463,25
771472,24
771482,24
771491,26
771501,29
771510,31
771521,32
771532,32
771542,34
771553,35
771563,36
771572,36
771582,36
771592,37
771601,37
771612,38
771621,39
771633,37
771642,37
771653,38
771662,39
