268236,0
268248,0
268260,0
268271,0
268281,0
268293,0
268307,7
268316,8
268329,8
268341,8
268356,12
268367,15
268378,21
268389,28
268398,34
268409,41
268420,47
268431,52
268442,56
268453,58
268464,60
268475,64
268486,66
268496,66
268508,68
268519,64
268529,44
268540,13
268552,0
268562,0
268573,0
268582,0
268595,0
268605,0
268617,4
268627,16
268639,28
268650,38
268660,46
268672,52
268683,58
268693,63
268704,66
268713,67
268725,69
268736,71
268746,73
268758,76
268769,78
268779,78
268790,78
268800,78
268810,78
268822,78
268837,77
268848,75
268859,73
268870,67
268880,49
268892,28
268903,14
268918,8
268928,12
268938,17
268949,23
268960,30
268971,36
268981,42
268990,48
269001,52
269011,54
269023,55
269032,55
269046,55
269057,56
269067,55
269077,54
269088,55
269097,56
269109,58
269118,59
269129,60
269143,60
269154,60
269165,59
269187,58
269196,56
269207,51
269218,42
269229,26
269244,8
269255,4
269266,4
269276,7
269287,12
269296,16
269306,19
269318,21
269330,24
269341,28
269352,29
269363,31
269374,32
269385,34
269395,36
269407,37
269418,38
269428,40
269440,40
269451,42
269461,43
269472,43
269481,42
269493,43
269504,43
269514,43
269526,44
269537,42
269547,40
269558,34
269568,18
269578,0
269588,0
269599,0
269611,0
269621,0
269632,0
269644,1
269656,9
269666,16
269677,23
269690,35
269702,44
269713,49
269723,52
269734,54
269747,54
269758,52
269770,50
269779,48
269791,48
269802,46
269812,46
269824,45
269833,44
269844,43
269856,41
269865,40
269877,40
269888,40
269898,38
269910,34
269919,22
269930,8
269941,0
269952,0
269963,0
269974,4
269984,8
269993,12
270008,18
270017,22
270028,26
270040,29
270052,32
270064,34
270074,37
270086,39
270098,41
270108,42
270118,44
270130,44
270141,45
270151,46
270162,46
270174,46
270183,46
270194,45
270206,45
270217,45
270228,45
270239,42
270249,33
270261,16
270270,2
270281,0
270292,0
270303,0
270314,3
270325,10
270336,16
270347,22
270356,27
270367,30
270379,34
270389,38
270400,42
270411,44
270425,46
270434,48
270445,50
270454,50
270465,51
270475,51
270486,54
270498,58
270508,60
270519,62
270528,61
270539,61
270551,60
270564,59
270573,56
270583,49
270594,34
270606,18
270617,11
270626,10
270638,10
270649,12
270659,15
270669,18
270680,22
270689,25
270706,30
270715,32
270727,34
270736,35
270748,37
270759,38
270769,38
270783,39
270794,40
270804,40
270816,40
270827,41
270837,41
270849,41
270860,42
270870,42
270882,42
270894,42
270903,42
270914,41
270926,38
270936,34
270947,29
270958,26
270968,25
270980,26
270989,28
271000,29
271011,31
271022,32
271033,34
271044,35
271054,36
271069,36
271080,36
271090,36
271101,38
271115,40
271126,40
271135,40
271147,41
