345
315
338
348
329
351
344
336
350
327
333
334
321
345
339
341
358
321
333
356
336
348
345
331
345
336
344
347
324
339
334
326
358
332
340
349
324
342
346
321
344
344
344
352
330
346
338
332
365
367
362
366
339
359
370
337
360
346
338
351
332
341
343
323
348
345
330
348
329
340
345
329
354
352
336
364
350
365
408
478
602
634
593
539
404
333
327
321
348
342
320
337
325
325
336
325
343
337
330
352
337
347
361
330
349
355
340
366
349
352
370
350
368
369
357
386
377
383
396
366
389
398
383
412
400
388
413
395
398
396
377
394
377
376
382
348
366
371
333
349
342
327
348
334
329
332
311
334
340
327
345
331
335
340
323
348
343
325
347
337
347
346
331
360
360
336
356
337
338
354
334
353
351
333
356
356
338
355
340
360
353
340
371
347
349
371
345
359
361
344
385
371
365
392
376
380
388
368
388
372
355
364
343
369
386
358
361
361
361
376
354
357
373
356
374
367
362
387
375
386
412
415
541
672
694
686
578
462
387
342
363
369
361
364
345
364
368
343
372
367
344
361
364
363
380
357
371
375
363
382
376
377
398
374
384
406
383
412
396
389
416
397
419
423
402
433
419
414
434
411
417
422
403
433
420
398
415
384
376
394
380
374
363
348
364
340
354
364
336
357
363
346
360
346
350
375
342
347
348
343
370
349
344
359
328
344
361
345
366
348
348
357
344
363
365
337
356
340
341
358
334
358
365
338
362
362
342
363
351
355
364
346
359
350
343
360
340
356
368
353
383
368
346
371
367
370
377
357
372
366
356
372
346
352
354
338
358
353
327
349
343
342
353
333
346
342
335
353
337
345
373
338
375
439
526
696
702
638
547
404
336
323
324
348
335
329
336
308
324
335
311
341
334
318
339
317
322
342
331
348
339
329
348
335
351
365
341
360
355
345
375
361
364
375
365
394
377
367
397
376
392
405
367
388
384
365
382
369
362
368
345
347
351
332
348
321
318
333
301
318
331
308
324
303
297
331
305
319
322
305
323
314
317
331
303
309
327
306
326
319
311
323
305
320
330
313
329
318
306
325
308
319
328
299
323
321
295
322
317
324
336
313
330
327
316
334
305
315
332
295
322
332
319
335
324
329
345
331
355
361
339
357
330
332
352
331
339
342
312
336
326
313
334
322
332
328
314
341
328
315
343
306
320
346
328
357
355
365
461
594
698
679
592
499
374
311
332
318
327
328
296
317
320
306
326
316
320
334
318
337
336
323
342
325
332
351
324
345
349
331
360
351
353
372
353
363
368
363
385
374
383
396
367
387
392
376
399
393
387
400
371
370
368
352
373
352
340
352
332
335
338
313
339
335
314
332
316
317
328
309
323
327
327
339
313
315
333
310
338
338
323
341
318
324
337
325
341
332
319
341
323
336
356
322
334
339
324
349
336
335
336
319
341
335
332
358
336
337
359
334
343
347
335
352
339
332
352
331
348
352
333
359
343
342
370
340
351
365
348
378
370
355
371
361
372
363
337
351
339
329
362
340
346
359
324
356
362
339
358
328
331
352
340
356
357
352
384
395
490
628
662
649
574
437
354
313
328
364
339
344
342
321
342
326
334
351
323
347
349
330
352
341
337
355
344
367
368
339
366
361
358
379
358
379
386
359
380
385
375
399
387
398
403
386
406
396
392
423
394
388
404
376
394
381
352
369
352
346
352
335
348
336
332
350
328
335
346
321
336
336
317
347
331
340
355
319
332
339
334
350
334
333
352
323
338
343
329
354
341
330
349
331
343
341
333
365
337
332
351
328
342
367
332
344
340
338
360
334
344
355
341
358
335
329
355
335
363
364
342
364
352
338
360
362
370
379
360
369
362
346
377
354
345
363
341
357
349
329
357
342
341
356
330
347
353
334
361
336
349
373
335
368
424
480
612
647
612
557
432
349
322
321
354
331
327
341
323
336
330
313
347
340
330
352
338
345
356
332
352
347
341
368
345
359
371
346
370
371
362
386
362
370
384
372
393
394
380
405
376
387
411
379
395
399
377
394
383
370
383
360
363
351
336
359
333
327
336
308
329
333
311
347
325
312
334
319
329
336
325
348
321
310
340
325
338
350
327
342
333
322
345
322
332
345
324
340
330
326
356
329
333
353
315
332
338
332
348
328
335
347
328
346
341
322
348
325
337
353
329
353
352
328
359
345
342
358
353
373
369
352
370
356
347
370
343
351
355
333
359
342
339
350
331
344
339
320
350
338
333
352
327
352
372
349
373
398
471
639
688
662