360
332
344
333
333
350
335
349
347
336
352
339
341
357
338
353
347
328
358
349
342
356
337
349
353
337
359
342
341
363
338
343
350
337
354
347
342
359
340
347
352
342
364
355
345
363
341
367
384
357
375
374
357
377
366
367
366
338
351
343
349
356
330
349
361
333
353
354
343
359
336
343
360
349
371
369
359
415
492
644
702
646
587
463
355
343
338
342
349
326
343
334
330
348
332
340
353
331
348
347
333
354
346
348
359
350
362
361
354
378
360
366
383
362
383
382
370
397
386
384
407
389
406
403
393
414
390
396
412
385
393
392
374
387
367
362
367
345
350
350
334
341
332
337
351
329
337
345
324
342
338
328
346
335
342
343
321
340
334
335
350
323
342
350
324
342
337
330
350
330
339
344
321
343
336
340
355
330
345
353
327
346
335
323
345
335
345
347
326
351
348
343
360
338
349
352
331
355
358
355
376
354
358
365
354
371
365
353
363
332
342
354
329
349
346
331
351
336
339
346
326
340
341
340
360
343
354
371
372
474
621
691
682
591
477
376
313
332
344
338
348
324
323
333
310
330
337
324
343
330
332
346
328
343
348
339
361
341
341
361
338
361
365
349
378
373
367
373
354
374
382
377
399
379
386
407
389
397
405
390
421
404
371
370
350
361
366
351
367
349
339
347
331
346
350
327
348
344
343
363
337
344
357
343
354
341
345
357
332
351
356
332
353
351
342
360
348
351
360
351
366
351
345
359
339
356
369
348
354
366
343
359
352
357
353
344
369
362
357
373
352
381
388
357
383
365
364
387
377
385
398
390
396
392
390
425
405
408
420
402
431
425
409
427
399
393
403
386
405
411
406
408
384
422
438
400
421
416
385
400
390
404
421
417
459
521
632
707
707
705
698
566
454
410
408
427
416
411
420
416
429
422
400
419
411
418
440
408
433
438
424
441
431
433
436
416
433
441
433
443
428
446
438
413
442
458
436
451
438
425
442
434
447
445
430
439
429
417
426
398
401
400
377
381
361
354
358
340
348
353
328
345
323
312
330
313
324
331
302
318
310
302
319
304
314
326
308
318
306
298
307
289
309
320
290
311
301
292
307
297
299
312
299
301
295
299
323
291
293
305
289
306
315
302
311
291
287
298
306
328
309
307
325
294
301
321
299
313
321
312
333
313
311
339
345
351
346
334
340
315
326
339
312
329
321
303
328
306
313
329
309
314
315
305
314
305
308
305
285
316
322
313
327
337
422
591
658
654
573
441
346
285
294
310
280
296
301
274
290
279
285
307
280
285
292
286
307
295
296
320
295
317
312
290
321
316
316
336
328
330
327
311
319
307
319
338
313
328
327
310
337
321
323
339
305
317
320
292
305
282
275
296
259
270
279
246
257
257
262
279
251
260
261
229
268
253
273
287
253
271
277
267
293
286
269
281
269
295
296
268
304
301
285
305
277
302
307
282
344
343
322
350
325
344
351
327
357
333
329
357
330
356
362
315
365
368
356
376
354
371
378
362
402
368
359
397
365
393
406
376
395
380
389
425
388
395
397
364
391
368
360
405
375
382
393
357
395
372
348
390
367
376
393
358
399
388
384
463
522
643
668
595
563
445
343
356
351
379
392
346
376
357
331
374
342
346
376
352
385
372
353
405
373
367
398
384
387
380
373
410
383
404
433
397
434
423
396
426
387
409
453
423
451
450
422
439
396
407
437
412
429
401
352
393
371
368
385
337
381
378
327
336
292
293
338
323
329
318
300
357
341
318
338
309
323
325
310
342
324
352
365
315
332
319
294
345
345
334
325
324
357
332
294
342
329
325
352
313
327
321
304
345
332
303
325
314
338
331
307
344
340
339
358
304
340
343
313
358
335
320
343
313
336
330
334
382
346
323
350
309
361
373
316
370
371
366
393
393
483
607
630
619
531
424
364
294
354
389
328
343
309
306
368
324
317
337
310
352
345
324
348
311
345
372
332
362
354
317
359
351
362
362
335
379
354
353
401
356
362
404
368
383
369
366
421
364
367
389
359
385
357
352
383
327
346
376
322
347
353
327
351
340
354
346
298
326
335
330
359
308
327
350
311
363
347
321
338
307
317
350
318
338
332
314
361
335
338
351
310
349
349
315
346
339
337
333
320
362
350
333
380
353
353
365
315
352
379
373
383
375
365
380
342
370
383
370
388
360
368
396
374
400
411
358
408
389
377
394
375
388
380
356
388
384
389
394
360
392
380
354
385
375
382
400
378
393
419
460
604
713
705
702
615
496
408
365
385
372
368
382