377
383
381
371
388
373
364
382
366
374
379
350
369
377
373
387
373
373
378
350
368
362
366
378
344
364
374
359
387
379
371
392
386
398
400
369
375
373
374
379
347
354
364
342
359
357
347
364
354
354
365
353
370
366
354
378
358
372
417
465
597
672
635
583
457
348
328
330
358
360
339
351
337
337
353
325
343
354
338
360
352
345
353
341
353
359
350
373
355
359
375
356
374
386
365
385
380
372
395
377
389
406
398
408
393
390
407
386
403
411
381
396
385
366
379
359
358
364
345
353
341
329
349
325
329
330
312
340
337
325
336
321
324
340
331
344
340
331
347
334
338
348
328
342
342
323
345
338
342
357
336
340
340
338
356
330
329
348
329
351
354
338
363
348
343
364
353
363
364
350
371
360
363
368
339
355
359
335
350
343
342
355
338
343
353
336
349
343
349
368
344
362
380
361
387
422
509
659
671
627
546
416
356
337
352
379
342
340
350
336
359
353
339
356
341
346
361
349
364
366
357
377
361
373
387
365
383
380
366
383
378
386
402
381
401
402
398
422
409
415
431
404
421
424
405
420
402
402
414
398
404
398
379
394
371
370
377
345
355
358
339
360
354
348
373
349
355
359
351
367
353
357
372
346
354
362
348
367
358
362
372
353
361
367
355
373
357
352
370
346
356
367
347
365
366
349
365
354
364
380
360
371
357
353
378
367
378
390
367
394
379
359
377
367
365
362
343
360
362
358
368
343
355
367
340
348
356
339
359
353
352
363
355
377
393
410
514
631
689
684
566
456
363
320
350
345
340
351
327
345
350
334
346
332
347
359
331
345
351
336
361
356
354
367
355
366
369
352
370
371
372
387
366
384
392
370
391
388
381
401
388
397
401
386
417
396
392
408
379
389
387
347
364
361
343
360
339
340
342
332
336
329
332
350
322
325
337
317
340
338
321
333
318
327
345
323
340
336
323
339
322
335
346
316
336
334
320
339
329
330
331
315
331
326
320
342
324
328
347
317
333
341
326
341
332
327
344
324
334
335
329
353
339
345
359
335
350
357
332
352
333
321
337
317
324
330
315
327
316
322
336
312
323
330
317
336
334
329
348
337
360
417
524
676
671
601
523
384
318
321
309
334
329
305
315
301
306
318
309
329
318
306
320
309
324
330
313
340
336
327
347
329
330
342
327
345
347
348
372
359
361
375
357
375
376
366
389
376
371
379
362
375
379
365
390
362
355
364
346
357
355
330
342
324
315
327
307
316
319
315
324
309
312
332
312
330
333
306
325
319
318
332
310
321
327
312
336
329
321
333
306
323
333
311
326
318
316
334
314
329
331
317
331
321
321
337
312
328
341
313
332
326
320
337
322
318
330
325
348
342
330
347
329
352
369
341
354
350
337
363
339
343
350
321
332
327
324
344
322
335
344
318
337
336
320
340
328
331
347
339
347
342
349
406
481
635
704
635
566
459
347
339
333
335
338
312
322
328
317
337
324
327
340
320
334
344
325
346
336
332
349
340
353
355
346
370
357
362
379
355
375
378
360
381
376
375
395
380
396
402
386
404
392
387
407
383
395
401
374
384
371
363
375
350
349
358
344
357
339
329
347
328
335
344
325
349
339
325
344
329
336
339
326
350
338
330
347
329
341
350
327
351
342
326
344
329
332
348
336
346
341
332
348
330
336
345
327
350
356
338
352
335
335
356
338
343
337
330
351
336
345
362
339
352
359
338
360
359
364
382
360
370
361
347
362
346
349
357
330
344
349
329
350
342
339
352
332
341
351
337
353
337
346
367
343
356
374
395
512
624
649
621
520
407
332
311
353
348
338
343
319
333
344
323
344
339
327
346
338
351
359
343
355
347
347
364
343
353
366
344
373
367
354
381
368
376
395
376
387
384
382
399
378
393
403
389
400
392
376
398
385
383
387
361
373
365
350
357
329
331
350
316
332
334
322
341
323
322
334
317
329
334
328
349
325
334
333
310
336
343
325
342
332
328
340
325
340
338
324
343
336
331
346
322
339
346
328
351
337
330
348
330
341
342
330
356
335
335
352
331
345
352
342
373
362
355
368
348
358
363
354
363
343
337
345
324
347
359
338
354
345
336
350
339
350
358
333
345
344
351
374
357
388
461
558
656
636
556
463
348
325
342
344
354
336
330
348
324
337
353
330
356
360
348
360
345
345
365
353
365
358
353
372
355
369
384
363
381
384
374
408
385
386
399
385
404
408
398
413
396
400
411
385
408
412
394
404
383
377
384
362
369
362
346
363
340
338
350
330
350