366
363
361
360
359
359
359
360
363
367
370
375
380
393
349
383
401
358
407
398
373
421
391
393
414
380
407
386
367
416
370
375
405
347
357
362
337
359
329
326
351
324
343
343
312
342
311
328
369
315
329
340
318
361
337
321
365
324
339
355
326
343
322
321
360
329
350
362
325
344
319
332
368
325
324
342
324
354
333
323
378
334
332
365
322
345
340
328
379
341
341
378
356
373
365
341
379
354
362
380
329
362
353
311
344
343
349
362
317
342
351
326
356
340
324
355
352
370
348
307
361
373
420
568
643
678
636
513
438
358
333
351
310
341
367
300
320
320
308
356
346
350
371
326
324
307
311
348
314
342
375
321
357
369
319
335
334
355
378
358
383
362
333
373
349
358
401
362
388
399
356
385
380
391
428
353
345
356
334
353
335
326
345
297
317
332
292
330
339
307
331
308
294
305
305
341
340
349
362
332
351
368
321
360
337
332
362
317
332
359
310
327
330
332
346
342
335
351
355
352
346
343
352
356
342
359
332
359
345
346
366
329
324
344
351
363
361
318
339
343
361
391
387
379
357
327
382
363
341
372
353
349
359
340
367
347
329
376
347
341
343
340
377
381
346
355
340
358
394
333
378
418
481
644
707
685
641
502
421
366
338
369
351
352
385
336
348
357
365
385
351
347
377
362
366
394
391
411
388
371
394
380
401
413
402
436
424
391
444
442
426
433
408
445
423
411
463
450
457
463
434
453
448
431
456
429
437
436
400
421
406
373
399
371
394
415
371
378
388
373
395
376
362
391
363
382
380
349
372
361
360
387
369
377
390
353
370
372
359
372
350
366
373
359
370
355
355
378
355
361
364
343
375
381
353
376
347
352
367
344
357
356
351
381
363
358
374
356
382
374
348
373
371
375
390
371
369
378
343
353
343
349
361
331
358
357
322
363
355
336
357
341
349
366
353
363
356
346
381
433
588
688
640
606
502
370
336
323
339
356
331
336
330
323
332
314
326
348
327
352
340
319
352
332
332
353
337
351
353
343
361
345
357
372
342
366
375
351
381
384
377
392
384
386
385
374
394
384
370
393
370
383
377
352
381
361
329
348
336
341
336
302
319
323
319
332
307
320
326
296
319
327
311
329
317
324
325
303
337
329
316
332
316
324
346
301
316
336
313
334
331
333
355
324
313
317
320
341
321
326
346
310
331
342
316
343
342
329
348
325
333
347
342
357
343
353
364
347
358
368
326
343
335
319
347
329
331
339
331
348
342
320
354
325
335
347
329
363
363
343
378
413
498
619
637
612
512
397
344
314
328
356
332
348
353
311
332
335
332
350
329
341
355
331
353
340
339
363
335
356
380
356
371
370
361
388
367
376
394
381
390
375
388
414
391
412
423
395
418
425
413
423
407
395
405
382
399
394
373
395
379
372
375
340
360
363
348
375
348
337
359
346
358
360
351
368
340
355
375
351
362
370
351
369
367
372
392
353
354
365
351
365
357
363
388
375
384
385
353
376
374
366
387
354
357
372
359
384
382
372
394
378
392
391
350
378
391
382
408
385
380
407
388
406
411
383
403
395
395
405
369
374
381
365
389
377
373
388
364
370
386
376
398
374
371
398
378
396
412
397
469
570
683
701
656
567
455
363
367
384
371
377
351
360
380
354
362
361
351
381
371
373
392
361
371
377
367
386
373
383
400
374
390
387
371
400
389
395
408
403
416
418
400
425
423
414
417
396
418
431
398
425
424
398
412
398
400
393
380
395
351
340
367
345
347
351
328
361
353
340
358
345
348
359
336
346
334
323
350
339
344
355
334
346
355
332
360
347
346
356
327
341
346
327
355
331
334
356
321
341
363
336
345
336
337
356
332
335
341
328
347
342
346
363
330
338
354
322
339
338
335
361
344
347
347
334
360
363
357
376
348
356
370
330
355
356
336
348
332
333
342
330
346
338
321
345
321
328
338
312
334
339
327
350
340
346
390
428
560
679
666
608
489
366
323
299
325
334
302
324
312
299
322
297
309
312
282
311
321
311
323
302
324
328
290
324
325
309
334
325
333
341
326
351
338
329
355
337
348
368
345
362
364
341
363
352
357
363
334
354
348
330
342
325
332
335
304
313
309
277
291
286
283
296
274
285
288
278
304
292
285
289
265
292
296
269
290
286
272
288
275
284
292
274
291
287
287
304
268
275
292
255
277
283
273
292
274
280
294
274
294
279
272
301
266
270
294
273
299
304
276
298
292
285
290
265
283
289
282
307
293
293
307
285
306
312
294
307
311
307
318
292
313
324
297
319
305
290
307
281
300
306
280
313
307
293
307
286
302
314
294
313
311
311
332
319
362
447
558
672
659
578
490
360
298
316
328
336
316
303
325
304
313
336
313
326
333
304
346
341
330
348
338
355
369
347
358
346
351
378
343
368
389
373
394
384
388
410
392
403
411
397
427
417
410
420
396
416
437
401
418
412
390
402
387
397
396
370
378
367
362
385
366
378
375
352
378
382
355
383
373
369
382
370
383
375
364
394
387
379
401
368
385
406
378
404
395
382
396
380
384
396
391
414
384
386
408
373
390
402
392
410
405
389
407
394
406
411
393
395
391
398
408
388
408
412
382
414
414
401
422
397
397
418
396
425
430
418
437
404
404
437
421
426
408
387
412
396
396
403
390
405
398
389
404
386
390
414
385
399
410
391
406
411
409
450
477
592
703
693
665
554
436
397
371
404
407
367
390
388
374
387
368
381
395
373
391
387
381
414
395
386
395
380
395
392
382
414
404
400
418
398
420
421
404
432
419
410
429
407
441
450
415
431
413
419
444
415
423
430
393
404
387
390
400
368
373
369
344
362
351
342
358
338
344
358
344
354
342
337
358
343
348
355
325
348
343
330
360
338
344
352
334
351
333
324
347
332
339
351
317
338
337
322
341
333
331
349
334
339
337
320
360
332
329
340
317
336
351
320
335
329
318
351
332
344
352
337
358
351
340
354
329
343
353
318
330
325
317
336
318
332
341
313
322
327
313
334
316
327
334
311
339
348
328
359
370
462
602
638
619
527
402
328
287
306
334
307
329
319
292
318
316
315
335
306
328
331
311
328
315
327
333
309
330
340
319
341
346
339
356
330
350
361
346
352
341
351
385
355
357
372
356
391
376
356
377
363
367
368
346
361
345
342
357
324
312
330
299
315
316
302
321
309
300
308
290
307
314
298
313
293
302
324
297
308
324
299
325
308
303
317
304
319
320
296
314
301
310
329
298
312
320
299
327
322
306
316
301
315
323
308
329
314
306
325
302
320
337
304
329
331
318
341
325
339
346
330
341
337
326
348
318
313
331
305
330
335
309
325
314
318
334
315
325
323
315
339
329
331
343
321
361
428
530
684
678
600
507
379
323
321
319
336
313
303
321
295
298
323
306
332
329
316
329
319
324
337
321
337
329
332
358
329
340
351
329
359
359
347
366
350
365
373
360
383
389
380
392
375
380
399
376
396
395
368
387
371
364
368
336
347
346
327
340
324
329
344
315
331
339
315
335
322
321
350
322
327
337
324
339
325
331
347
317
334
343
317
344
340
331
348
330
337
349
327
347
343
331
357
330
331
351
330
347
340
327
347
329
341
354
333
353
359
338
357
339
347
355
331
356
363
352
381
374
357
369
354
360
361
352
373
345
341
358
329
340
350
334
357
346
331
350
340
348
348
328
358
362
360
375
359
419
536
661
700
662
557
451
344
329
360
335
340
330
321
340
322
328
344
321
348
339
316
349
334
337
353
340
373
353
333
354
343
358
370
342
359
384
362
379
377
378
399
391
399
402
383
403
395
391
411
384
393
401
376
389
375
365
383
363
367
364
326
349
331
328
357
332
328
336
311
336
335
322
347
334
335
339
323
340
339
323
341
322
340
353
316
338
340
323
346
338
335
356
327
341
338
321
344
334
334
351
322
339
355
329
353
343
343
352
320
332
346
336
356
339
336
354
332
345
368
341
367
365
358
378
354
359
365
353
371
359
347
358
327
347
363
335
355
345
327
352
337
341
356
334
348
351
338
362
345
354
385
397
508
658
697
677
582
451
365
317
345
348
328
343
318
327
347
308
325
350
323
341
338
330
344
329
347
350
334
354
347
356
369
339
360
370
341
372
378
365
391
368
375
388
373
396
396
378
403
393
401
410
384
403
397
370
389
369
360
362
333
357
346
324
343
326
334
357
322
333
340
316
335
328
330
334
319
335
342
326
347
329
327
341
318
344
350
326
349
334
324
352
333
346
344
327
338
325
335
354
329
329
334
319
351
352
329
348
329
339
352
326
342
346
336
357
336
342
351
325
351
355
327
356
360
364
381
351
363
367
353
365
343
348
355
327
347
351
329
357
341
334
351
336
357
354
333
355
342
347
375
352
364
400
454
610
666
617
567
436
347
330
329
355
342
331
351
316
324
350
328
346
345
331
359
346
354
368
345
353
355
355
377
354
363
382
346
366
384
374
387
383
386
400
380
401
406
398
415
394
398
422
398
402
406
393
406
390
370
389
365
383
375
349
360
349
340
345
315
338
348
329
351
344
336
350
327
333
334
321
345
339
341
358
321
333
356
336
348
345
331
345
336
344
347
324
339
334
326
358
332
340
349
324
342
346
321
344
344
344
352
330
346
338
332
365
367
362
366
339
359
370
337
360
346
338
351
332
341
343
323
348
345
330
348
329
340
345
329
354
352
336
364
350
365
408
478
602
634
593
539
404
333
327
321
348
342
320
337
325
325
336
325
343
337
330
352
337
347
361
330
349
355
340
366
349
352
370
350
368
369
357
386
377
383
396
366
389
398
383
412
400
388
413
395
398
396
377
394
377
376
382
348
366
371
333
349
342
327
348
334
329
332
311
334
340
327
345
331
335
340
323
348
343
325
347
337
347
346
331
360
360
336
356
337
338
354
334
353
351
333
356
356
338
355
340
360
353
340
371
347
349
371
345
359
361
344
385
371
365
392
376
380
388
368
388
372
355
364
343
369
386
358
361
361
361
376
354
357
373
356
374
367
362
387
375
386
412
415
541
672
694
686
578
462
387
342
363
369
361
364
345
364
368
343
372
367
344
361
364
363
380
357
371
375
363
382
376
377
398
374
384
406
383
412
396
389
416
397
419
423
402
433
419
414
434
411
417
422
403
433
420
398
415
384
376
394
380
374
363
348
364
340
354
364
336
357
363
346
360
346
350
375
342
347
348
343
370
349
344
359
328
344
361
345
366
348
348
357
344
363
365
337
356
340
341
358
334
358
365
338
362
362
342
363
351
355
364
346
359
350
343
360
340
356
368
353
383
368
346
371
367
370
377
357
372
366
356
372
346
352
354
338
358
353
327
349
343
342
353
333
346
342
335
353
337
345
373
338
375
439
526
696
702
638
547
404
336
323
324
348
335
329
336
308
324
335
311
341
334
318
339
317
322
342
331
348
339
329
348
335
351
365
341
360
355
345
375
361
364
375
365
394
377
367
397
376
392
405
367
388
384
365
382
369
362
368
345
347
351
332
348
321
318
333
301
318
331
308
324
303
297
331
305
319
322
305
323
314
317
331
303
309
327
306
326
319
311
323
305
320
330
313
329
318
306
325
308
319
328
299
323
321
295
322
317
324
336
313
330
327
316
334
305
315
332
295
322
332
319
335
324
329
345
331
355
361
339
357
330
332
352
331
339
342
312
336
326
313
334
322
332
328
314
341
328
315
343
306
320
346
328
357
355
365
461
594
698
679
592
499
374
311
332
318
327
328
296
317
320
306
326
316
320
334
318
337
336
323
342
325
332
351
324
345
349
331
360
351
353
372
353
363
368
363
385
374
383
396
367
387
392
376
399
393
387
400
371
370
368
352
373
352
340
352
332
335
338
313
339
335
314
332
316
317
328
309
323
327
327
339
313
315
333
310
338
338
323
341
318
324
337
325
341
332
319
341
323
336
356
322
334
339
324
349
336
335
336
319
341
335
332
358
336
337
359
334
343
347
335
352
339
332
352
331
348
352
333
359
343
342
370
340
351
365
348
378
370
355
371
361
372
363
337
351
339
329
362
340
346
359
324
356
362
339
358
328
331
352
340
356
357
352
384
395
490
628
662
649
574
437
354
313
328
364
339
344
342
321
342
326
334
351
323
347
349
330
352
341
337
355
344
367
368
339
366
361
358
379
358
379
386
359
380
385
375
399
387
398
403
386
406
396
392
423
394
388
404
376
394
381
352
369
352
346
352
335
348
336
332
350
328
335
346
321
336
336
317
347
331
340
355
319
332
339
334
350
334
333
352
323
338
343
329
354
341
330
349
331
343
341
333
365
337
332
351
328
342
367
332
344
340
338
360
334
344
355
341
358
335
329
355
335
363
364
342
364
352
338
360
362
370
379
360
369
362
346
377
354
345
363
341
357
349
329
357
342
341
356
330
347
353
334
361
336
349
373
335
368
424
480
612
647
612
557
432
349
322
321
354
331
327
341
323
336
330
313
347
340
330
352
338
345
356
332
352
347
341
368
345
359
371
346
370
371
362
386
362
370
384
372
393
394
380
405
376
387
411
379
395
399
377
394
383
370
383
360
363
351
336
359
333
327
336
308
329
333
311
347
325
312
334
319
329
336
325
348
321
310
340
325
338
350
327
342
333
322
345
322
332
345
324
340
330
326
356
329
333
353
315
332
338
332
348
328
335
347
328
346
341
322
348
325
337
353
329
353
352
328
359
345
342
358
353
373
369
352
370
356
347
370
343
351
355
333
359
342
339
350
331
344
339
320
350
338
333
352
327
352
372
349
373
398
471
639
688
662
589
460
366
314
314
345
329
343
350
306
332
337
318
335
329
331
348
329
340
335
327
361
336
345
364
349
365
368
341
363
360
362
368
354
383
385
376
384
378
395
413
390
397
399
390
403
380
367
388
360
375
369
317
353
363
335
355
342
355
366
328
336
327
327
355
329
327
342
311
336
355
331
357
314
320
351
313
321
338
332
335
288
293
301
301
317
303
282
313
300
305
302
274
310
287
251
293
288
286
292
285
294
291
270
310
288
287
313
272
281
284
253
304
288
277
302
272
300
294
275
314
299
298
326
292
323
302
254
313
294
288
314
259
278
306
293
305
298
299
324
278
316
352
297
309
313
310
353
329
345
374
346
372
366
369
468
588
702
705
641
568
423
321
356
357
341
360
340
351
337
331
360
335
343
370
324
361
371
328
360
355
351
383
349
372
379
342
373
357
355
410
373
380
392
369
403
394
392
424
386
404
421
388
424
398
386
427
372
382
407
369
397
375
328
378
362
352
350
316
343
349
329
352
318
335
345
305
351
350
323
352
321
339
365
325
349
340
305
347
332
339
362
321
342
360
326
358
343
333
351
310
338
355
318
344
330
331
377
328
351
353
307
340
342
333
355
327
347
359
336
365
340
331
353
325
351
370
335
357
362
343
381
353
365
392
356
353
360
354
383
339
336
362
314
357
366
328
345
333
351
365
319
340
346
337
365
325
340
365
350
395
423
479
650
674
640
593
429
337
322
333
375
342
323
342
304
333
348
306
349
334
322
369
332
341
348
325
368
352
337
348
328
377
392
340
377
368
358
384
353
393
404
367
393
384
385
414
372
403
434
378
395
420
386
408
379
374
383
346
367
363
341
370
327
332
362
317
349
338
305
351
327
315
340
306
329
335
315
351
326
336
363
315
335
348
322
351
2
298
354
324
330
336
295
334
330
328
354
313
337
354
305
342
338
322
353
320
331
346
321
354
336
326
356
331
346
350
306
346
346
327
365
337
340
366
341
368
369
355
391
353
354
366
327
356
345
323
368
339
332
356
338
353
338
321
364
345
338
363
321
353
367
339
379
371
408
547
650
680
631
512
430
330
320
368
333
352
349
304
335
318
305
365
339
337
348
321
348
332
335
379
344
347
357
322
365
362
348
382
351
355
379
354
385
380
371
398
363
392
421
370
405
412
374
406
380
376
398
360
383
387
359
387
349
344
374
331
360
348
306
340
323
324
344
299
330
354
318
343
321
322
356
320
345
355
314
345
329
304
346
328
350
352
319
344
326
330
356
314
329
339
300
335
335
330
371
328
327
350
319
336
334
340
365
325
334
349
316
350
350
327
363
333
341
366
336
359
355
333
365
337
359
389
344
370
368
335
375
349
345
366
321
350
361
329
363
333
334
362
323
340
347
327
363
346
337
365
335
361
375
393
539
662
690
681
546
443
368
306
357
354
342
356
323
329
329
288
341
331
315
361
330
336
342
326
367
357
331
364
346
350
371
339
369
362
354
383
349
381
405
357
392
392
377
418
391
389
414
379
399
402
379
410
379
393
411
355
376
381
357
368
334
327
343
312
352
350
326
344
311
339
366
304
329
349
314
346
332
338
367
322
338
339
313
345
332
333
361
327
342
351
313
343
335
315
342
320
332
335
313
361
350
312
344
312
321
339
304
346
349
319
352
336
327
333
298
335
334
326
350
318
333
350
324
371
363
326
350
332
337
371
367
380
362
325
371
355
344
349
313
351
349
320
351
335
331
353
318
340
327
297
336
346
343
368
336
345
366
375
517
649
672
647
550
432
346
300
333
325
311
327
303
314
327
293
326
322
304
339
305
309
330
312
336
326
330
358
331
348
354
327
359
360
340
369
355
358
374
354
382
374
357
389
369
383
422
373
385
399
372
397
369
363
388
345
361
360
330
352
331
339
359
317
342
341
306
326
325
310
340
309
326
347
329
354
332
327
339
326
354
350
318
355
351
340
355
320
328
345
335
349
348
343
372
333
356
369
324
341
339
334
363
345
345
349
326
365
349
345
365
331
356
396
359
371
364
349
379
357
364
387
355
371
377
340
356
342
350
365
333
358
367
348
372
353
365
374
353
377
386
369
413
428
519
681
696
671
589
435
385
337
345
384
355
350
340
328
372
349
346
375
353
357
359
338
361
366
366
394
367
372
389
372
400
390
374
398
381
396
424
409
421
405
406
441
433
438
445
426
452
446
441
471
443
425
424
394
421
423
390
411
394
392
405
381
383
371
360
399
369
351
383
374
393
377
353
382
381
369
390
377
383
381
371
388
373
364
382
366
374
379
350
369
377
373
387
373
373
378
350
368
362
366
378
344
364
374
359
387
379
371
392
386
398
400
369
375
373
374
379
347
354
364
342
359
357
347
364
354
354
365
353
370
366
354
378
358
372
417
465
597
672
635
583
457
348
328
330
358
360
339
351
337
337
353
325
343
354
338
360
352
345
353
341
353
359
350
373
355
359
375
356
374
386
365
385
380
372
395
377
389
406
398
408
393
390
407
386
403
411
381
396
385
366
379
359
358
364
345
353
341
329
349
325
329
330
312
340
337
325
336
321
324
340
331
344
340
331
347
334
338
348
328
342
342
323
345
338
342
357
336
340
340
338
356
330
329
348
329
351
354
338
363
348
343
364
353
363
364
350
371
360
363
368
339
355
359
335
350
343
342
355
338
343
353
336
349
343
349
368
344
362
380
361
387
422
509
659
671
627
546
416
356
337
352
379
342
340
350
336
359
353
339
356
341
346
361
349
364
366
357
377
361
373
387
365
383
380
366
383
378
386
402
381
401
402
398
422
409
415
431
404
421
424
405
420
402
402
414
398
404
398
379
394
371
370
377
345
355
358
339
360
354
348
373
349
355
359
351
367
353
357
372
346
354
362
348
367
358
362
372
353
361
367
355
373
357
352
370
346
356
367
347
365
366
349
365
354
364
380
360
371
357
353
378
367
378
390
367
394
379
359
377
367
365
362
343
360
362
358
368
343
355
367
340
348
356
339
359
353
352
363
355
377
393
410
514
631
689
684
566
456
363
320
350
345
340
351
327
345
350
334
346
332
347
359
331
345
351
336
361
356
354
367
355
366
369
352
370
371
372
387
366
384
392
370
391
388
381
401
388
397
401
386
417
396
392
408
379
389
387
347
364
361
343
360
339
340
342
332
336
329
332
350
322
325
337
317
340
338
321
333
318
327
345
323
340
336
323
339
322
335
346
316
336
334
320
339
329
330
331
315
331
326
320
342
324
328
347
317
333
341
326
341
332
327
344
324
334
335
329
353
339
345
359
335
350
357
332
352
333
321
337
317
324
330
315
327
316
322
336
312
323
330
317
336
334
329
348
337
360
417
524
676
671
601
523
384
318
321
309
334
329
305
315
301
306
318
309
329
318
306
320
309
324
330
313
340
336
327
347
329
330
342
327
345
347
348
372
359
361
375
357
375
376
366
389
376
371
379
362
375
379
365
390
362
355
364
346
357
355
330
342
324
315
327
307
316
319
315
324
309
312
332
312
330
333
306
325
319
318
332
310
321
327
312
336
329
321
333
306
323
333
311
326
318
316
334
314
329
331
317
331
321
321
337
312
328
341
313
332
326
320
337
322
318
330
325
348
342
330
347
329
352
369
341
354
350
337
363
339
343
350
321
332
327
324
344
322
335
344
318
337
336
320
340
328
331
347
339
347
342
349
406
481
635
704
635
566
459
347
339
333
335
338
312
322
328
317
337
324
327
340
320
334
344
325
346
336
332
349
340
353
355
346
370
357
362
379
355
375
378
360
381
376
375
395
380
396
402
386
404
392
387
407
383
395
401
374
384
371
363
375
350
349
358
344
357
339
329
347
328
335
344
325
349
339
325
344
329
336
339
326
350
338
330
347
329
341
350
327
351
342
326
344
329
332
348
336
346
341
332
348
330
336
345
327
350
356
338
352
335
335
356
338
343
337
330
351
336
345
362
339
352
359
338
360
359
364
382
360
370
361
347
362
346
349
357
330
344
349
329
350
342
339
352
332
341
351
337
353
337
346
367
343
356
374
395
512
624
649
621
520
407
332
311
353
348
338
343
319
333
344
323
344
339
327
346
338
351
359
343
355
347
347
364
343
353
366
344
373
367
354
381
368
376
395
376
387
384
382
399
378
393
403
389
400
392
376
398
385
383
387
361
373
365
350
357
329
331
350
316
332
334
322
341
323
322
334
317
329
334
328
349
325
334
333
310
336
343
325
342
332
328
340
325
340
338
324
343
336
331
346
322
339
346
328
351
337
330
348
330
341
342
330
356
335
335
352
331
345
352
342
373
362
355
368
348
358
363
354
363
343
337
345
324
347
359
338
354
345
336
350
339
350
358
333
345
344
351
374
357
388
461
558
656
636
556
463
348
325
342
344
354
336
330
348
324
337
353
330
356
360
348
360
345
345
365
353
365
358
353
372
355
369
384
363
381
384
374
408
385
386
399
385
404
408
398
413
396
400
411
385
408
412
394
404
383
377
384
362
369
362
346
363
340
338
350
330
350
360
332
344
333
333
350
335
349
347
336
352
339
341
357
338
353
347
328
358
349
342
356
337
349
353
337
359
342
341
363
338
343
350
337
354
347
342
359
340
347
352
342
364
355
345
363
341
367
384
357
375
374
357
377
366
367
366
338
351
343
349
356
330
349
361
333
353
354
343
359
336
343
360
349
371
369
359
415
492
644
702
646
587
463
355
343
338
342
349
326
343
334
330
348
332
340
353
331
348
347
333
354
346
348
359
350
362
361
354
378
360
366
383
362
383
382
370
397
386
384
407
389
406
403
393
414
390
396
412
385
393
392
374
387
367
362
367
345
350
350
334
341
332
337
351
329
337
345
324
342
338
328
346
335
342
343
321
340
334
335
350
323
342
350
324
342
337
330
350
330
339
344
321
343
336
340
355
330
345
353
327
346
335
323
345
335
345
347
326
351
348
343
360
338
349
352
331
355
358
355
376
354
358
365
354
371
365
353
363
332
342
354
329
349
346
331
351
336
339
346
326
340
341
340
360
343
354
371
372
474
621
691
682
591
477
376
313
332
344
338
348
324
323
333
310
330
337
324
343
330
332
346
328
343
348
339
361
341
341
361
338
361
365
349
378
373
367
373
354
374
382
377
399
379
386
407
389
397
405
390
421
404
371
370
350
361
366
351
367
349
339
347
331
346
350
327
348
344
343
363
337
344
357
343
354
341
345
357
332
351
356
332
353
351
342
360
348
351
360
351
366
351
345
359
339
356
369
348
354
366
343
359
352
357
353
344
369
362
357
373
352
381
388
357
383
365
364
387
377
385
398
390
396
392
390
425
405
408
420
402
431
425
409
427
399
393
403
386
405
411
406
408
384
422
438
400
421
416
385
400
390
404
421
417
459
521
632
707
707
705
698
566
454
410
408
427
416
411
420
416
429
422
400
419
411
418
440
408
433
438
424
441
431
433
436
416
433
441
433
443
428
446
438
413
442
458
436
451
438
425
442
434
447
445
430
439
429
417
426
398
401
400
377
381
361
354
358
340
348
353
328
345
323
312
330
313
324
331
302
318
310
302
319
304
314
326
308
318
306
298
307
289
309
320
290
311
301
292
307
297
299
312
299
301
295
299
323
291
293
305
289
306
315
302
311
291
287
298
306
328
309
307
325
294
301
321
299
313
321
312
333
313
311
339
345
351
346
334
340
315
326
339
312
329
321
303
328
306
313
329
309
314
315
305
314
305
308
305
285
316
322
313
327
337
422
591
658
654
573
441
346
285
294
310
280
296
301
274
290
279
285
307
280
285
292
286
307
295
296
320
295
317
312
290
321
316
316
336
328
330
327
311
319
307
319
338
313
328
327
310
337
321
323
339
305
317
320
292
305
282
275
296
259
270
279
246
257
257
262
279
251
260
261
229
268
253
273
287
253
271
277
267
293
286
269
281
269
295
296
268
304
301
285
305
277
302
307
282
344
343
322
350
325
344
351
327
357
333
329
357
330
356
362
315
365
368
356
376
354
371
378
362
402
368
359
397
365
393
406
376
395
380
389
425
388
395
397
364
391
368
360
405
375
382
393
357
395
372
348
390
367
376
393
358
399
388
384
463
522
643
668
595
563
445
343
356
351
379
392
346
376
357
331
374
342
346
376
352
385
372
353
405
373
367
398
384
387
380
373
410
383
404
433
397
434
423
396
426
387
409
453
423
451
450
422
439
396
407
437
412
429
401
352
393
371
368
385
337
381
378
327
336
292
293
338
323
329
318
300
357
341
318
338
309
323
325
310
342
324
352
365
315
332
319
294
345
345
334
325
324
357
332
294
342
329
325
352
313
327
321
304
345
332
303
325
314
338
331
307
344
340
339
358
304
340
343
313
358
335
320
343
313
336
330
334
382
346
323
350
309
361
373
316
370
371
366
393
393
483
607
630
619
531
424
364
294
354
389
328
343
309
306
368
324
317
337
310
352
345
324
348
311
345
372
332
362
354
317
359
351
362
362
335
379
354
353
401
356
362
404
368
383
369
366
421
364
367
389
359
385
357
352
383
327
346
376
322
347
353
327
351
340
354
346
298
326
335
330
359
308
327
350
311
363
347
321
338
307
317
350
318
338
332
314
361
335
338
351
310
349
349
315
346
339
337
333
320
362
350
333
380
353
353
365
315
352
379
373
383
375
365
380
342
370
383
370
388
360
368
396
374
400
411
358
408
389
377
394
375
388
380
356
388
384
389
394
360
392
380
354
385
375
382
400
378
393
419
460
604
713
705
702
615
496
408
365
385
372
368
382
356
376
376
372
381
345
371
421
386
388
402
372
393
391
383
413
374
386
408
387
416
418
421
427
380
398
413
384
435
447
435
439
415
443
459
428
426
419
419
436
418
422
417
397
410
407
394
402
368
374
376
352
394
379
361
388
359
373
373
337
358
364
357
389
355
352
378
361
363
333
358
399
357
349
364
341
368
357
326
371
363
343
356
323
363
379
359
357
326
368
393
331
344
346
318
337
329
350
361
323
354
352
344
364
337
346
350
312
364
379
350
370
367
351
371
344
359
356
323
332
313
337
345
316
324
326
305
333
311
323
338
317
334
326
302
337
327
348
419
505
657
666
589
517
371
282
294
280
300
282
248
357
225