318
292
313
324
297
319
305
290
307
281
300
306
280
313
307
293
307
286
302
314
294
313
311
311
332
319
362
447
558
672
659
578
490
360
298
316
328
336
316
303
325
304
313
336
313
326
333
304
346
341
330
348
338
355
369
347
358
346
351
378
343
368
389
373
394
384
388
410
392
403
411
397
427
417
410
420
396
416
437
401
418
412
390
402
387
397
396
370
378
367
362
385
366
378
375
352
378
382
355
383
373
369
382
370
383
375
364
394
387
379
401
368
385
406
378
404
395
382
396
380
384
396
391
414
384
386
408
373
390
402
392
410
405
389
407
394
406
411
393
395
391
398
408
388
408
412
382
414
414
401
422
397
397
418
396
425
430
418
437
404
404
437
421
426
408
387
412
396
396
403
390
405
398
389
404
386
390
414
385
399
410
391
406
411
409
450
477
592
703
693
665
554
436
397
371
404
407
367
390
388
374
387
368
381
395
373
391
387
381
414
395
386
395
380
395
392
382
414
404
400
418
398
420
421
404
432
419
410
429
407
441
450
415
431
413
419
444
415
423
430
393
404
387
390
400
368
373
369
344
362
351
342
358
338
344
358
344
354
342
337
358
343
348
355
325
348
343
330
360
338
344
352
334
351
333
324
347
332
339
351
317
338
337
322
341
333
331
349
334
339
337
320
360
332
329
340
317
336
351
320
335
329
318
351
332
344
352
337
358
351
340
354
329
343
353
318
330
325
317
336
318
332
341
313
322
327
313
334
316
327
334
311
339
348
328
359
370
462
602
638
619
527
402
328
287
306
334
307
329
319
292
318
316
315
335
306
328
331
311
328
315
327
333
309
330
340
319
341
346
339
356
330
350
361
346
352
341
351
385
355
357
372
356
391
376
356
377
363
367
368
346
361
345
342
357
324
312
330
299
315
316
302
321
309
300
308
290
307
314
298
313
293
302
324
297
308
324
299
325
308
303
317
304
319
320
296
314
301
310
329
298
312
320
299
327
322
306
316
301
315
323
308
329
314
306
325
302
320
337
304
329
331
318
341
325
339
346
330
341
337
326
348
318
313
331
305
330
335
309
325
314
318
334
315
325
323
315
339
329
331
343
321
361
428
530
684
678
600
507
379
323
321
319
336
313
303
321
295
298
323
306
332
329
316
329
319
324
337
321
337
329
332
358
329
340
351
329
359
359
347
366
350
365
373
360
383
389
380
392
375
380
399
376
396
395
368
387
371
364
368
336
347
346
327
340
324
329
344
315
331
339
315
335
322
321
350
322
327
337
324
339
325
331
347
317
334
343
317
344
340
331
348
330
337
349
327
347
343
331
357
330
331
351
330
347
340
327
347
329
341
354
333
353
359
338
357
339
347
355
331
356
363
352
381
374
357
369
354
360
361
352
373
345
341
358
329
340
350
334
357
346
331
350
340
348
348
328
358
362
360
375
359
419
536
661
700
662
557
451
344
329
360
335
340
330
321
340
322
328
344
321
348
339
316
349
334
337
353
340
373
353
333
354
343
358
370
342
359
384
362
379
377
378
399
391
399
402
383
403
395
391
411
384
393
401
376
389
375
365
383
363
367
364
326
349
331
328
357
332
328
336
311
336
335
322
347
334
335
339
323
340
339
323
341
322
340
353
316
338
340
323
346
338
335
356
327
341
338
321
344
334
334
351
322
339
355
329
353
343
343
352
320
332
346
336
356
339
336
354
332
345
368
341
367
365
358
378
354
359
365
353
371
359
347
358
327
347
363
335
355
345
327
352
337
341
356
334
348
351
338
362
345
354
385
397
508
658
697
677
582
451
365
317
345
348
328
343
318
327
347
308
325
350
323
341
338
330
344
329
347
350
334
354
347
356
369
339
360
370
341
372
378
365
391
368
375
388
373
396
396
378
403
393
401
410
384
403
397
370
389
369
360
362
333
357
346
324
343
326
334
357
322
333
340
316
335
328
330
334
319
335
342
326
347
329
327
341
318
344
350
326
349
334
324
352
333
346
344
327
338
325
335
354
329
329
334
319
351
352
329
348
329
339
352
326
342
346
336
357
336
342
351
325
351
355
327
356
360
364
381
351
363
367
353
365
343
348
355
327
347
351
329
357
341
334
351
336
357
354
333
355
342
347
375
352
364
400
454
610
666
617
567
436
347
330
329
355
342
331
351
316
324
350
328
346
345
331
359
346
354
368
345
353
355
355
377
354
363
382
346
366
384
374
387
383
386
400
380
401
406
398
415
394
398
422
398
402
406
393
406
390
370
389
365
383
375
349
360
349
340