589
460
366
314
314
345
329
343
350
306
332
337
318
335
329
331
348
329
340
335
327
361
336
345
364
349
365
368
341
363
360
362
368
354
383
385
376
384
378
395
413
390
397
399
390
403
380
367
388
360
375
369
317
353
363
335
355
342
355
366
328
336
327
327
355
329
327
342
311
336
355
331
357
314
320
351
313
321
338
332
335
288
293
301
301
317
303
282
313
300
305
302
274
310
287
251
293
288
286
292
285
294
291
270
310
288
287
313
272
281
284
253
304
288
277
302
272
300
294
275
314
299
298
326
292
323
302
254
313
294
288
314
259
278
306
293
305
298
299
324
278
316
352
297
309
313
310
353
329
345
374
346
372
366
369
468
588
702
705
641
568
423
321
356
357
341
360
340
351
337
331
360
335
343
370
324
361
371
328
360
355
351
383
349
372
379
342
373
357
355
410
373
380
392
369
403
394
392
424
386
404
421
388
424
398
386
427
372
382
407
369
397
375
328
378
362
352
350
316
343
349
329
352
318
335
345
305
351
350
323
352
321
339
365
325
349
340
305
347
332
339
362
321
342
360
326
358
343
333
351
310
338
355
318
344
330
331
377
328
351
353
307
340
342
333
355
327
347
359
336
365
340
331
353
325
351
370
335
357
362
343
381
353
365
392
356
353
360
354
383
339
336
362
314
357
366
328
345
333
351
365
319
340
346
337
365
325
340
365
350
395
423
479
650
674
640
593
429
337
322
333
375
342
323
342
304
333
348
306
349
334
322
369
332
341
348
325
368
352
337
348
328
377
392
340
377
368
358
384
353
393
404
367
393
384
385
414
372
403
434
378
395
420
386
408
379
374
383
346
367
363
341
370
327
332
362
317
349
338
305
351
327
315
340
306
329
335
315
351
326
336
363
315
335
348
322
351
2
298
354
324
330
336
295
334
330
328
354
313
337
354
305
342
338
322
353
320
331
346
321
354
336
326
356
331
346
350
306
346
346
327
365
337
340
366
341
368
369
355
391
353
354
366
327
356
345
323
368
339
332
356
338
353
338
321
364
345
338
363
321
353
367
339
379
371
408
547
650
680
631
512
430
330
320
368
333
352
349
304
335
318
305
365
339
337
348
321
348
332
335
379
344
347
357
322
365
362
348
382
351
355
379
354
385
380
371
398
363
392
421
370
405
412
374
406
380
376
398
360
383
387
359
387
349
344
374
331
360
348
306
340
323
324
344
299
330
354
318
343
321
322
356
320
345
355
314
345
329
304
346
328
350
352
319
344
326
330
356
314
329
339
300
335
335
330
371
328
327
350
319
336
334
340
365
325
334
349
316
350
350
327
363
333
341
366
336
359
355
333
365
337
359
389
344
370
368
335
375
349
345
366
321
350
361
329
363
333
334
362
323
340
347
327
363
346
337
365
335
361
375
393
539
662
690
681
546
443
368
306
357
354
342
356
323
329
329
288
341
331
315
361
330
336
342
326
367
357
331
364
346
350
371
339
369
362
354
383
349
381
405
357
392
392
377
418
391
389
414
379
399
402
379
410
379
393
411
355
376
381
357
368
334
327
343
312
352
350
326
344
311
339
366
304
329
349
314
346
332
338
367
322
338
339
313
345
332
333
361
327
342
351
313
343
335
315
342
320
332
335
313
361
350
312
344
312
321
339
304
346
349
319
352
336
327
333
298
335
334
326
350
318
333
350
324
371
363
326
350
332
337
371
367
380
362
325
371
355
344
349
313
351
349
320
351
335
331
353
318
340
327
297
336
346
343
368
336
345
366
375
517
649
672
647
550
432
346
300
333
325
311
327
303
314
327
293
326
322
304
339
305
309
330
312
336
326
330
358
331
348
354
327
359
360
340
369
355
358
374
354
382
374
357
389
369
383
422
373
385
399
372
397
369
363
388
345
361
360
330
352
331
339
359
317
342
341
306
326
325
310
340
309
326
347
329
354
332
327
339
326
354
350
318
355
351
340
355
320
328
345
335
349
348
343
372
333
356
369
324
341
339
334
363
345
345
349
326
365
349
345
365
331
356
396
359
371
364
349
379
357
364
387
355
371
377
340
356
342
350
365
333
358
367
348
372
353
365
374
353
377
386
369
413
428
519
681
696
671
589
435
385
337
345
384
355
350
340
328
372
349
346
375
353
357
359
338
361
366
366
394
367
372
389
372
400
390
374
398
381
396
424
409
421
405
406
441
433
438
445
426
452
446
441
471
443
425
424
394
421
423
390
411
394
392
405
381
383
371
360
399
369
351
383
374
393
377
353
382
381
369
390